[general]
path = outputs/system/

[chiplets]
chiplet_count = 9
widths = 	8,	25,	3,	21,	9,	27,	28,	29,	28
heights = 	9,	21,	3,	25,	10,	29,	29,	30,	23
powers = 	51,	181,	177,	40,	26,	125,	69,	149,	107
target_reward = 0
connections = 0,	0,	128,	0,	0,	1024,	1024,	512,	0;
			0,	0,	0,	0,	256,	0,	128,	0,	256;
			128,	0,	0,	256,	1024,	512,	256,	0,	0;
			0,	0,	256,	0,	256,	1024,	0,	0,	0;
			0,	256,	1024,	256,	0,	256,	0,	256,	0;
			1024,	0,	512,	1024,	256,	0,	0,	0,	1024;
			1024,	128,	256,	0,	0,	0,	0,	0,	0;
			512,	0,	0,	0,	256,	0,	0,	0,	0;
			0,	256,	0,	0,	0,	1024,	0,	0,	0
u =  0, 0, 0, 0, 1, 1, 1, 2, 2, 2, 2, 2, 3, 3, 3, 4, 4, 4, 4, 4, 5, 5, 5, 5, 5, 6, 6, 6, 7, 7, 8, 8
v =  2, 5, 6, 7, 4, 6, 8, 0, 3, 4, 5, 6, 2, 4, 5, 1, 2, 3, 5, 7, 0, 2, 3, 4, 8, 0, 1, 2, 0, 4, 1, 5
e =  128, 1024, 1024, 512, 256, 128, 256, 128, 256, 1024, 512, 256, 256, 256, 1024, 256, 1024, 256, 256, 256, 1024, 512, 1024, 256, 1024, 1024, 128, 256, 512, 256, 256, 1024
x = 0,0,0,0,0,0,0,0,0
y = 0,0,0,0,0,0,0,0,0
