[general]
path = outputs/system/

[chiplets]
chiplet_count = 9
widths = 	13,	26,	30,	28,	19,	18,	8,	16,	27
heights = 	11,	28,	28,	30,	19,	20,	10,	14,	24
powers = 	152,	23,	55,	130,	9,	15,	12,	16,	92
target_reward = 0
connections = 0,	1024,	512,	128,	128,	0,	128,	0,	128;
			1024,	0,	256,	256,	0,	128,	0,	0,	128;
			512,	256,	0,	128,	512,	128,	0,	128,	0;
			128,	256,	128,	0,	0,	0,	512,	0,	0;
			128,	0,	512,	0,	0,	0,	0,	0,	1024;
			0,	128,	128,	0,	0,	0,	0,	0,	0;
			128,	0,	0,	512,	0,	0,	0,	0,	0;
			0,	0,	128,	0,	0,	0,	0,	0,	256;
			128,	128,	0,	0,	1024,	0,	0,	256,	0
u =  0, 0, 0, 0, 0, 0, 1, 1, 1, 1, 1, 2, 2, 2, 2, 2, 2, 3, 3, 3, 3, 4, 4, 4, 5, 5, 6, 6, 7, 7, 8, 8, 8, 8
v =  1, 2, 3, 4, 6, 8, 0, 2, 3, 5, 8, 0, 1, 3, 4, 5, 7, 0, 1, 2, 6, 0, 2, 8, 1, 2, 0, 3, 2, 8, 0, 1, 4, 7
e =  1024, 512, 128, 128, 128, 128, 1024, 256, 256, 128, 128, 512, 256, 128, 512, 128, 128, 128, 256, 128, 512, 128, 512, 1024, 128, 128, 128, 512, 128, 256, 128, 128, 1024, 256
x = 0,0,0,0,0,0,0,0,0
y = 0,0,0,0,0,0,0,0,0
