[general]
path = outputs/system/

[chiplets]
chiplet_count = 10
widths = 	19,	30,	25,	26,	12,	29,	25,	6,	15,	29
heights = 	17,	30,	21,	21,	11,	25,	24,	7,	16,	28
powers = 	112,	7,	108,	57,	200,	7,	9,	35,	9,	6
target_reward = 0
connections = 0,	0,	512,	0,	0,	0,	1024,	0,	512,	0;
			0,	0,	1024,	1024,	0,	0,	0,	0,	0,	0;
			512,	1024,	0,	512,	1024,	0,	256,	512,	0,	0;
			0,	1024,	512,	0,	0,	0,	1024,	0,	0,	0;
			0,	0,	1024,	0,	0,	0,	512,	512,	1024,	256;
			0,	0,	0,	0,	0,	0,	256,	0,	0,	0;
			1024,	0,	256,	1024,	512,	256,	0,	256,	0,	0;
			0,	0,	512,	0,	512,	0,	256,	0,	128,	256;
			512,	0,	0,	0,	1024,	0,	0,	128,	0,	0;
			0,	0,	0,	0,	256,	0,	0,	256,	0,	0
u =  0, 0, 0, 1, 1, 2, 2, 2, 2, 2, 2, 3, 3, 3, 4, 4, 4, 4, 4, 5, 6, 6, 6, 6, 6, 6, 7, 7, 7, 7, 7, 8, 8, 8, 9, 9
v =  2, 6, 8, 2, 3, 0, 1, 3, 4, 6, 7, 1, 2, 6, 2, 6, 7, 8, 9, 6, 0, 2, 3, 4, 5, 7, 2, 4, 6, 8, 9, 0, 4, 7, 4, 7
e =  512, 1024, 512, 1024, 1024, 512, 1024, 512, 1024, 256, 512, 1024, 512, 1024, 1024, 512, 512, 1024, 256, 256, 1024, 256, 1024, 512, 256, 256, 512, 512, 256, 128, 256, 512, 1024, 128, 256, 256
x = 0,0,0,0,0,0,0,0,0,0
y = 0,0,0,0,0,0,0,0,0,0
