[general]
path = outputs/system/

[chiplets]
chiplet_count = 8
widths = 	13,	24,	26,	17,	27,	15,	25,	7
heights = 	11,	20,	24,	17,	30,	17,	24,	6
powers = 	170,	100,	47,	81,	80,	196,	28,	195
target_reward = 0
connections = 0,	1024,	0,	0,	0,	0,	1024,	0;
			1024,	0,	0,	0,	0,	1024,	512,	256;
			0,	0,	0,	512,	0,	0,	512,	0;
			0,	0,	512,	0,	0,	128,	256,	128;
			0,	0,	0,	0,	0,	128,	512,	256;
			0,	1024,	0,	128,	128,	0,	1024,	512;
			1024,	512,	512,	256,	512,	1024,	0,	512;
			0,	256,	0,	128,	256,	512,	512,	0
u =  0, 0, 1, 1, 1, 1, 2, 2, 3, 3, 3, 3, 4, 4, 4, 5, 5, 5, 5, 5, 6, 6, 6, 6, 6, 6, 6, 7, 7, 7, 7, 7
v =  1, 6, 0, 5, 6, 7, 3, 6, 2, 5, 6, 7, 5, 6, 7, 1, 3, 4, 6, 7, 0, 1, 2, 3, 4, 5, 7, 1, 3, 4, 5, 6
e =  1024, 1024, 1024, 1024, 512, 256, 512, 512, 512, 128, 256, 128, 128, 512, 256, 1024, 128, 128, 1024, 512, 1024, 512, 512, 256, 512, 1024, 512, 256, 128, 256, 512, 512
x = 0,0,0,0,0,0,0,0
y = 0,0,0,0,0,0,0,0
