[general]
path = outputs/system/

[chiplets]
chiplet_count = 10
widths = 	23,	19,	13,	9,	18,	28,	29,	15,	20,	16
heights = 	23,	19,	11,	9,	15,	26,	26,	17,	25,	17
powers = 	133,	62,	186,	2,	137,	66,	104,	74,	83,	124
target_reward = 0
connections = 0,	0,	0,	0,	0,	1024,	0,	0,	0,	256;
			0,	0,	0,	1024,	0,	0,	128,	0,	0,	0;
			0,	0,	0,	256,	1024,	0,	1024,	512,	1024,	128;
			0,	1024,	256,	0,	0,	512,	0,	0,	512,	0;
			0,	0,	1024,	0,	0,	1024,	512,	1024,	0,	0;
			1024,	0,	0,	512,	1024,	0,	128,	1024,	1024,	1024;
			0,	128,	1024,	0,	512,	128,	0,	128,	0,	0;
			0,	0,	512,	0,	1024,	1024,	128,	0,	0,	0;
			0,	0,	1024,	512,	0,	1024,	0,	0,	0,	0;
			256,	0,	128,	0,	0,	1024,	0,	0,	0,	0
u =  0, 0, 1, 1, 2, 2, 2, 2, 2, 2, 3, 3, 3, 3, 4, 4, 4, 4, 5, 5, 5, 5, 5, 5, 5, 6, 6, 6, 6, 6, 7, 7, 7, 7, 8, 8, 8, 9, 9, 9
v =  5, 9, 3, 6, 3, 4, 6, 7, 8, 9, 1, 2, 5, 8, 2, 5, 6, 7, 0, 3, 4, 6, 7, 8, 9, 1, 2, 4, 5, 7, 2, 4, 5, 6, 2, 3, 5, 0, 2, 5
e =  1024, 256, 1024, 128, 256, 1024, 1024, 512, 1024, 128, 1024, 256, 512, 512, 1024, 1024, 512, 1024, 1024, 512, 1024, 128, 1024, 1024, 1024, 128, 1024, 512, 128, 128, 512, 1024, 1024, 128, 1024, 512, 1024, 256, 128, 1024
x = 0,0,0,0,0,0,0,0,0,0
y = 0,0,0,0,0,0,0,0,0,0
