[general]
path = outputs/system/

[chiplets]
chiplet_count = 9
widths = 	7,	23,	24,	13,	29,	15,	28,	4,	11
heights = 	7,	19,	26,	14,	27,	17,	26,	4,	9
powers = 	187,	123,	49,	189,	76,	144,	6,	141,	49
target_reward = 0
connections = 0,	0,	0,	0,	256,	0,	0,	512,	256;
			0,	0,	0,	0,	512,	0,	0,	256,	128;
			0,	0,	0,	256,	1024,	0,	0,	0,	1024;
			0,	0,	256,	0,	128,	512,	0,	0,	256;
			256,	512,	1024,	128,	0,	128,	1024,	512,	0;
			0,	0,	0,	512,	128,	0,	0,	0,	512;
			0,	0,	0,	0,	1024,	0,	0,	256,	1024;
			512,	256,	0,	0,	512,	0,	256,	0,	0;
			256,	128,	1024,	256,	0,	512,	1024,	0,	0
u =  0, 0, 0, 1, 1, 1, 2, 2, 2, 3, 3, 3, 3, 4, 4, 4, 4, 4, 4, 4, 5, 5, 5, 6, 6, 6, 7, 7, 7, 7, 8, 8, 8, 8, 8, 8
v =  4, 7, 8, 4, 7, 8, 3, 4, 8, 2, 4, 5, 8, 0, 1, 2, 3, 5, 6, 7, 3, 4, 8, 4, 7, 8, 0, 1, 4, 6, 0, 1, 2, 3, 5, 6
e =  256, 512, 256, 512, 256, 128, 256, 1024, 1024, 256, 128, 512, 256, 256, 512, 1024, 128, 128, 1024, 512, 512, 128, 512, 1024, 256, 1024, 512, 256, 512, 256, 256, 128, 1024, 256, 512, 1024
x = 0,0,0,0,0,0,0,0,0
y = 0,0,0,0,0,0,0,0,0
