[general]
path = outputs/system/

[chiplets]
chiplet_count = 11
widths = 	27,	13,	10,	26,	18,	14,	10,	17,	21,	23,	8
heights = 	28,	14,	9,	21,	20,	14,	9,	20,	22,	28,	7
powers = 	109,	83,	137,	89,	170,	132,	124,	84,	85,	17,	187
target_reward = 0
connections = 0,	0,	0,	1024,	0,	128,	0,	0,	1024,	0,	512;
			0,	0,	0,	256,	0,	0,	0,	0,	0,	0,	0;
			0,	0,	0,	0,	1024,	0,	0,	128,	128,	128,	0;
			1024,	256,	0,	0,	256,	512,	0,	0,	0,	0,	0;
			0,	0,	1024,	256,	0,	1024,	512,	0,	0,	0,	0;
			128,	0,	0,	512,	1024,	0,	1024,	0,	0,	256,	128;
			0,	0,	0,	0,	512,	1024,	0,	0,	0,	0,	256;
			0,	0,	128,	0,	0,	0,	0,	0,	0,	1024,	256;
			1024,	0,	128,	0,	0,	0,	0,	0,	0,	512,	0;
			0,	0,	128,	0,	0,	256,	0,	1024,	512,	0,	0;
			512,	0,	0,	0,	0,	128,	256,	256,	0,	0,	0
u =  0, 0, 0, 0, 1, 2, 2, 2, 2, 3, 3, 3, 3, 4, 4, 4, 4, 5, 5, 5, 5, 5, 5, 6, 6, 6, 7, 7, 7, 8, 8, 8, 9, 9, 9, 9, 10, 10, 10, 10
v =  3, 5, 8, 10, 3, 4, 7, 8, 9, 0, 1, 4, 5, 2, 3, 5, 6, 0, 3, 4, 6, 9, 10, 4, 5, 10, 2, 9, 10, 0, 2, 9, 2, 5, 7, 8, 0, 5, 6, 7
e =  1024, 128, 1024, 512, 256, 1024, 128, 128, 128, 1024, 256, 256, 512, 1024, 256, 1024, 512, 128, 512, 1024, 1024, 256, 128, 512, 1024, 256, 128, 1024, 256, 1024, 128, 512, 128, 256, 1024, 512, 512, 128, 256, 256
x = 0,0,0,0,0,0,0,0,0,0,0
y = 0,0,0,0,0,0,0,0,0,0,0
