[general]
path = outputs/system/

[chiplets]
chiplet_count = 9
widths = 	25,	11,	27,	17,	12,	3,	24,	15,	29
heights = 	23,	12,	30,	19,	14,	3,	28,	14,	30
powers = 	69,	171,	179,	97,	21,	189,	80,	160,	92
target_reward = 0
connections = 0,	512,	256,	512,	0,	0,	0,	0,	0;
			512,	0,	128,	256,	1024,	0,	0,	0,	0;
			256,	128,	0,	512,	512,	0,	0,	0,	256;
			512,	256,	512,	0,	1024,	512,	0,	0,	1024;
			0,	1024,	512,	1024,	0,	0,	0,	0,	0;
			0,	0,	0,	512,	0,	0,	0,	512,	256;
			0,	0,	0,	0,	0,	0,	0,	512,	0;
			0,	0,	0,	0,	0,	512,	512,	0,	0;
			0,	0,	256,	1024,	0,	256,	0,	0,	0
u =  0, 0, 0, 1, 1, 1, 1, 2, 2, 2, 2, 2, 3, 3, 3, 3, 3, 3, 4, 4, 4, 5, 5, 5, 6, 7, 7, 8, 8, 8
v =  1, 2, 3, 0, 2, 3, 4, 0, 1, 3, 4, 8, 0, 1, 2, 4, 5, 8, 1, 2, 3, 3, 7, 8, 7, 5, 6, 2, 3, 5
e =  512, 256, 512, 512, 128, 256, 1024, 256, 128, 512, 512, 256, 512, 256, 512, 1024, 512, 1024, 1024, 512, 1024, 512, 512, 256, 512, 512, 512, 256, 1024, 256
x = 0,0,0,0,0,0,0,0,0
y = 0,0,0,0,0,0,0,0,0
