[general]
path = outputs/system/

[chiplets]
chiplet_count = 10
widths = 	6,	14,	24,	17,	20,	25,	29,	9,	26,	20
heights = 	7,	15,	20,	19,	24,	21,	30,	9,	23,	19
powers = 	145,	144,	130,	64,	29,	146,	159,	60,	122,	168
target_reward = 0
connections = 0,	0,	256,	0,	0,	0,	512,	1024,	0,	256;
			0,	0,	0,	256,	1024,	0,	0,	0,	1024,	0;
			256,	0,	0,	128,	256,	256,	0,	0,	0,	128;
			0,	256,	128,	0,	128,	0,	0,	0,	0,	0;
			0,	1024,	256,	128,	0,	0,	256,	512,	0,	0;
			0,	0,	256,	0,	0,	0,	256,	0,	0,	0;
			512,	0,	0,	0,	256,	256,	0,	512,	256,	512;
			1024,	0,	0,	0,	512,	0,	512,	0,	1024,	0;
			0,	1024,	0,	0,	0,	0,	256,	1024,	0,	1024;
			256,	0,	128,	0,	0,	0,	512,	0,	1024,	0
u =  0, 0, 0, 0, 1, 1, 1, 2, 2, 2, 2, 2, 3, 3, 3, 4, 4, 4, 4, 4, 5, 5, 6, 6, 6, 6, 6, 6, 7, 7, 7, 7, 8, 8, 8, 8, 9, 9, 9, 9
v =  2, 6, 7, 9, 3, 4, 8, 0, 3, 4, 5, 9, 1, 2, 4, 1, 2, 3, 6, 7, 2, 6, 0, 4, 5, 7, 8, 9, 0, 4, 6, 8, 1, 6, 7, 9, 0, 2, 6, 8
e =  256, 512, 1024, 256, 256, 1024, 1024, 256, 128, 256, 256, 128, 256, 128, 128, 1024, 256, 128, 256, 512, 256, 256, 512, 256, 256, 512, 256, 512, 1024, 512, 512, 1024, 1024, 256, 1024, 1024, 256, 128, 512, 1024
x = 0,0,0,0,0,0,0,0,0,0
y = 0,0,0,0,0,0,0,0,0,0
