[general]
path = outputs/system/

[chiplets]
chiplet_count = 10
widths = 	28,	11,	18,	29,	18,	6,	27,	23,	20,	30
heights = 	29,	13,	15,	26,	18,	7,	22,	22,	21,	26
powers = 	138,	196,	156,	104,	36,	131,	67,	35,	61,	78
target_reward = 0
connections = 0,	0,	0,	0,	256,	0,	0,	0,	0,	0;
			0,	0,	0,	0,	0,	0,	256,	0,	128,	0;
			0,	0,	0,	256,	512,	0,	0,	0,	512,	256;
			0,	0,	256,	0,	512,	128,	128,	0,	0,	128;
			256,	0,	512,	512,	0,	512,	0,	128,	0,	512;
			0,	0,	0,	128,	512,	0,	0,	512,	0,	0;
			0,	256,	0,	128,	0,	0,	0,	0,	0,	0;
			0,	0,	0,	0,	128,	512,	0,	0,	1024,	256;
			0,	128,	512,	0,	0,	0,	0,	1024,	0,	256;
			0,	0,	256,	128,	512,	0,	0,	256,	256,	0
u =  0, 1, 1, 2, 2, 2, 2, 3, 3, 3, 3, 3, 4, 4, 4, 4, 4, 4, 5, 5, 5, 6, 6, 7, 7, 7, 7, 8, 8, 8, 8, 9, 9, 9, 9, 9
v =  4, 6, 8, 3, 4, 8, 9, 2, 4, 5, 6, 9, 0, 2, 3, 5, 7, 9, 3, 4, 7, 1, 3, 4, 5, 8, 9, 1, 2, 7, 9, 2, 3, 4, 7, 8
e =  256, 256, 128, 256, 512, 512, 256, 256, 512, 128, 128, 128, 256, 512, 512, 512, 128, 512, 128, 512, 512, 256, 128, 128, 512, 1024, 256, 128, 512, 1024, 256, 256, 128, 512, 256, 256
x = 0,0,0,0,0,0,0,0,0,0
y = 0,0,0,0,0,0,0,0,0,0
