[general]
path = outputs/system/

[chiplets]
chiplet_count = 11
widths = 	27,	27,	16,	26,	14,	3,	30,	17,	21,	10,	24
heights = 	27,	26,	16,	24,	12,	3,	28,	16,	23,	12,	23
powers = 	133,	191,	154,	66,	97,	146,	66,	49,	132,	53,	56
target_reward = 0
connections = 0,	0,	0,	0,	1024,	0,	0,	0,	0,	0,	0;
			0,	0,	0,	0,	256,	0,	0,	0,	0,	0,	128;
			0,	0,	0,	0,	0,	512,	0,	128,	0,	0,	0;
			0,	0,	0,	0,	0,	0,	0,	128,	1024,	0,	0;
			1024,	256,	0,	0,	0,	256,	256,	1024,	0,	0,	512;
			0,	0,	512,	0,	256,	0,	1024,	512,	0,	0,	0;
			0,	0,	0,	0,	256,	1024,	0,	256,	0,	1024,	0;
			0,	0,	128,	128,	1024,	512,	256,	0,	256,	0,	0;
			0,	0,	0,	1024,	0,	0,	0,	256,	0,	0,	0;
			0,	0,	0,	0,	0,	0,	1024,	0,	0,	0,	256;
			0,	128,	0,	0,	512,	0,	0,	0,	0,	256,	0
u =  0, 1, 1, 2, 2, 3, 3, 4, 4, 4, 4, 4, 4, 5, 5, 5, 5, 6, 6, 6, 6, 7, 7, 7, 7, 7, 7, 8, 8, 9, 9, 10, 10, 10
v =  4, 4, 10, 5, 7, 7, 8, 0, 1, 5, 6, 7, 10, 2, 4, 6, 7, 4, 5, 7, 9, 2, 3, 4, 5, 6, 8, 3, 7, 6, 10, 1, 4, 9
e =  1024, 256, 128, 512, 128, 128, 1024, 1024, 256, 256, 256, 1024, 512, 512, 256, 1024, 512, 256, 1024, 256, 1024, 128, 128, 1024, 512, 256, 256, 1024, 256, 1024, 256, 128, 512, 256
x = 0,0,0,0,0,0,0,0,0,0,0
y = 0,0,0,0,0,0,0,0,0,0,0
