[general]
path = outputs/system/

[chiplets]
chiplet_count = 10
widths = 	12,	25,	21,	23,	20,	30,	24,	25,	23,	30
heights = 	15,	20,	25,	25,	24,	27,	30,	20,	19,	30
powers = 	192,	193,	81,	100,	17,	153,	85,	171,	150,	77
target_reward = 0
connections = 0,	1024,	0,	0,	256,	0,	256,	0,	512,	512;
			1024,	0,	0,	0,	0,	128,	512,	1024,	0,	0;
			0,	0,	0,	0,	256,	512,	1024,	0,	128,	0;
			0,	0,	0,	0,	0,	0,	0,	1024,	0,	0;
			256,	0,	256,	0,	0,	0,	0,	0,	0,	128;
			0,	128,	512,	0,	0,	0,	0,	0,	128,	0;
			256,	512,	1024,	0,	0,	0,	0,	0,	0,	1024;
			0,	1024,	0,	1024,	0,	0,	0,	0,	128,	0;
			512,	0,	128,	0,	0,	128,	0,	128,	0,	0;
			512,	0,	0,	0,	128,	0,	1024,	0,	0,	0
u =  0, 0, 0, 0, 0, 1, 1, 1, 1, 2, 2, 2, 2, 3, 4, 4, 4, 5, 5, 5, 6, 6, 6, 6, 7, 7, 7, 8, 8, 8, 8, 9, 9, 9
v =  1, 4, 6, 8, 9, 0, 5, 6, 7, 4, 5, 6, 8, 7, 0, 2, 9, 1, 2, 8, 0, 1, 2, 9, 1, 3, 8, 0, 2, 5, 7, 0, 4, 6
e =  1024, 256, 256, 512, 512, 1024, 128, 512, 1024, 256, 512, 1024, 128, 1024, 256, 256, 128, 128, 512, 128, 256, 512, 1024, 1024, 1024, 1024, 128, 512, 128, 128, 128, 512, 128, 1024
x = 0,0,0,0,0,0,0,0,0,0
y = 0,0,0,0,0,0,0,0,0,0
