[general]
path = outputs/system/

[chiplets]
chiplet_count = 9
widths = 	23,	14,	21,	21,	18,	19,	18,	23,	28
heights = 	23,	15,	26,	23,	18,	21,	22,	26,	23
powers = 	88,	84,	36,	142,	170,	197,	75,	21,	5
target_reward = 0
connections = 0,	0,	0,	512,	0,	128,	512,	0,	0;
			0,	0,	256,	512,	0,	1024,	0,	0,	0;
			0,	256,	0,	512,	0,	0,	1024,	0,	0;
			512,	512,	512,	0,	1024,	0,	0,	0,	0;
			0,	0,	0,	1024,	0,	512,	128,	512,	0;
			128,	1024,	0,	0,	512,	0,	256,	512,	0;
			512,	0,	1024,	0,	128,	256,	0,	0,	0;
			0,	0,	0,	0,	512,	512,	0,	0,	1024;
			0,	0,	0,	0,	0,	0,	0,	1024,	0
u =  0, 0, 0, 1, 1, 1, 2, 2, 2, 3, 3, 3, 3, 4, 4, 4, 4, 5, 5, 5, 5, 5, 6, 6, 6, 6, 7, 7, 7, 8
v =  3, 5, 6, 2, 3, 5, 1, 3, 6, 0, 1, 2, 4, 3, 5, 6, 7, 0, 1, 4, 6, 7, 0, 2, 4, 5, 4, 5, 8, 7
e =  512, 128, 512, 256, 512, 1024, 256, 512, 1024, 512, 512, 512, 1024, 1024, 512, 128, 512, 128, 1024, 512, 256, 512, 512, 1024, 128, 256, 512, 512, 1024, 1024
x = 0,0,0,0,0,0,0,0,0
y = 0,0,0,0,0,0,0,0,0
