[general]
path = outputs/system/

[chiplets]
chiplet_count = 10
widths = 	21,	25,	16,	26,	15,	16,	26,	18,	16,	25
heights = 	24,	30,	17,	24,	17,	14,	27,	21,	18,	29
powers = 	78,	76,	86,	77,	13,	81,	57,	109,	1,	44
target_reward = 0
connections = 0,	0,	0,	0,	1024,	512,	0,	128,	0,	0;
			0,	0,	512,	0,	128,	0,	256,	0,	256,	1024;
			0,	512,	0,	0,	0,	0,	0,	512,	0,	256;
			0,	0,	0,	0,	0,	0,	128,	0,	0,	1024;
			1024,	128,	0,	0,	0,	0,	0,	0,	0,	0;
			512,	0,	0,	0,	0,	0,	256,	256,	0,	256;
			0,	256,	0,	128,	0,	256,	0,	1024,	0,	256;
			128,	0,	512,	0,	0,	256,	1024,	0,	128,	256;
			0,	256,	0,	0,	0,	0,	0,	128,	0,	128;
			0,	1024,	256,	1024,	0,	256,	256,	256,	128,	0
u =  0, 0, 0, 1, 1, 1, 1, 1, 2, 2, 2, 3, 3, 4, 4, 5, 5, 5, 5, 6, 6, 6, 6, 6, 7, 7, 7, 7, 7, 7, 8, 8, 8, 9, 9, 9, 9, 9, 9, 9
v =  4, 5, 7, 2, 4, 6, 8, 9, 1, 7, 9, 6, 9, 0, 1, 0, 6, 7, 9, 1, 3, 5, 7, 9, 0, 2, 5, 6, 8, 9, 1, 7, 9, 1, 2, 3, 5, 6, 7, 8
e =  1024, 512, 128, 512, 128, 256, 256, 1024, 512, 512, 256, 128, 1024, 1024, 128, 512, 256, 256, 256, 256, 128, 256, 1024, 256, 128, 512, 256, 1024, 128, 256, 256, 128, 128, 1024, 256, 1024, 256, 256, 256, 128
x = 0,0,0,0,0,0,0,0,0,0
y = 0,0,0,0,0,0,0,0,0,0
