[general]
path = outputs/system/

[chiplets]
chiplet_count = 10
widths = 	18,	14,	17,	11,	28,	29,	16,	17,	22,	12
heights = 	16,	14,	17,	9,	27,	26,	18,	19,	20,	10
powers = 	110,	107,	28,	25,	116,	50,	172,	22,	100,	74
target_reward = 0
connections = 0,	256,	128,	0,	0,	256,	256,	0,	128,	0;
			256,	0,	512,	0,	0,	0,	0,	0,	0,	0;
			128,	512,	0,	0,	0,	0,	128,	256,	512,	0;
			0,	0,	0,	0,	0,	128,	0,	0,	1024,	0;
			0,	0,	0,	0,	0,	512,	256,	0,	0,	0;
			256,	0,	0,	128,	512,	0,	512,	128,	0,	1024;
			256,	0,	128,	0,	256,	512,	0,	128,	0,	1024;
			0,	0,	256,	0,	0,	128,	128,	0,	0,	0;
			128,	0,	512,	1024,	0,	0,	0,	0,	0,	0;
			0,	0,	0,	0,	0,	1024,	1024,	0,	0,	0
u =  0, 0, 0, 0, 0, 1, 1, 2, 2, 2, 2, 2, 3, 3, 4, 4, 5, 5, 5, 5, 5, 5, 6, 6, 6, 6, 6, 6, 7, 7, 7, 8, 8, 8, 9, 9
v =  1, 2, 5, 6, 8, 0, 2, 0, 1, 6, 7, 8, 5, 8, 5, 6, 0, 3, 4, 6, 7, 9, 0, 2, 4, 5, 7, 9, 2, 5, 6, 0, 2, 3, 5, 6
e =  256, 128, 256, 256, 128, 256, 512, 128, 512, 128, 256, 512, 128, 1024, 512, 256, 256, 128, 512, 512, 128, 1024, 256, 128, 256, 512, 128, 1024, 256, 128, 128, 128, 512, 1024, 1024, 1024
x = 0,0,0,0,0,0,0,0,0,0
y = 0,0,0,0,0,0,0,0,0,0
