[general]
path = outputs/system/

[chiplets]
chiplet_count = 9
widths = 	13,	29,	21,	15,	20,	16,	26,	27,	10
heights = 	14,	28,	23,	18,	23,	16,	27,	26,	11
powers = 	36,	44,	31,	153,	115,	84,	200,	101,	48
target_reward = 0
connections = 0,	256,	128,	0,	0,	0,	256,	256,	0;
			256,	0,	512,	128,	0,	1024,	0,	256,	0;
			128,	512,	0,	1024,	512,	0,	256,	0,	0;
			0,	128,	1024,	0,	0,	0,	0,	256,	256;
			0,	0,	512,	0,	0,	1024,	0,	0,	128;
			0,	1024,	0,	0,	1024,	0,	0,	0,	0;
			256,	0,	256,	0,	0,	0,	0,	128,	0;
			256,	256,	0,	256,	0,	0,	128,	0,	0;
			0,	0,	0,	256,	128,	0,	0,	0,	0
u =  0, 0, 0, 0, 1, 1, 1, 1, 1, 2, 2, 2, 2, 2, 3, 3, 3, 3, 4, 4, 4, 5, 5, 6, 6, 6, 7, 7, 7, 7, 8, 8
v =  1, 2, 6, 7, 0, 2, 3, 5, 7, 0, 1, 3, 4, 6, 1, 2, 7, 8, 2, 5, 8, 1, 4, 0, 2, 7, 0, 1, 3, 6, 3, 4
e =  256, 128, 256, 256, 256, 512, 128, 1024, 256, 128, 512, 1024, 512, 256, 128, 1024, 256, 256, 512, 1024, 128, 1024, 1024, 256, 256, 128, 256, 256, 256, 128, 256, 128
x = 0,0,0,0,0,0,0,0,0
y = 0,0,0,0,0,0,0,0,0
