[general]
path = outputs/system/

[chiplets]
chiplet_count = 8
widths = 	13,	20,	24,	28,	22,	18,	15,	5
heights = 	14,	22,	26,	27,	20,	15,	15,	5
powers = 	123,	184,	11,	131,	94,	187,	28,	63
target_reward = 0
connections = 0,	0,	1024,	256,	1024,	0,	1024,	1024;
			0,	0,	0,	0,	0,	256,	0,	512;
			1024,	0,	0,	1024,	128,	1024,	0,	1024;
			256,	0,	1024,	0,	256,	512,	0,	1024;
			1024,	0,	128,	256,	0,	1024,	0,	256;
			0,	256,	1024,	512,	1024,	0,	0,	0;
			1024,	0,	0,	0,	0,	0,	0,	0;
			1024,	512,	1024,	1024,	256,	0,	0,	0
u =  0, 0, 0, 0, 0, 1, 1, 2, 2, 2, 2, 2, 3, 3, 3, 3, 3, 4, 4, 4, 4, 4, 5, 5, 5, 5, 6, 7, 7, 7, 7, 7
v =  2, 3, 4, 6, 7, 5, 7, 0, 3, 4, 5, 7, 0, 2, 4, 5, 7, 0, 2, 3, 5, 7, 1, 2, 3, 4, 0, 0, 1, 2, 3, 4
e =  1024, 256, 1024, 1024, 1024, 256, 512, 1024, 1024, 128, 1024, 1024, 256, 1024, 256, 512, 1024, 1024, 128, 256, 1024, 256, 256, 1024, 512, 1024, 1024, 1024, 512, 1024, 1024, 256
x = 0,0,0,0,0,0,0,0
y = 0,0,0,0,0,0,0,0
