[general]
path = outputs/system/

[chiplets]
chiplet_count = 11
widths = 	29,	21,	19,	19,	15,	22,	15,	18,	22,	15,	15
heights = 	24,	25,	16,	21,	12,	25,	18,	21,	24,	18,	14
powers = 	174,	19,	168,	53,	104,	197,	180,	58,	11,	189,	141
target_reward = 0
connections = 0,	0,	0,	0,	512,	0,	0,	0,	0,	0,	0;
			0,	0,	0,	0,	0,	0,	1024,	256,	0,	0,	0;
			0,	0,	0,	256,	0,	512,	0,	0,	0,	0,	0;
			0,	0,	256,	0,	128,	256,	1024,	128,	0,	1024,	1024;
			512,	0,	0,	128,	0,	128,	0,	128,	128,	0,	1024;
			0,	0,	512,	256,	128,	0,	0,	0,	0,	0,	0;
			0,	1024,	0,	1024,	0,	0,	0,	512,	1024,	0,	0;
			0,	256,	0,	128,	128,	0,	512,	0,	1024,	0,	0;
			0,	0,	0,	0,	128,	0,	1024,	1024,	0,	0,	0;
			0,	0,	0,	1024,	0,	0,	0,	0,	0,	0,	1024;
			0,	0,	0,	1024,	1024,	0,	0,	0,	0,	1024,	0
u =  0, 1, 1, 2, 2, 3, 3, 3, 3, 3, 3, 3, 4, 4, 4, 4, 4, 4, 5, 5, 5, 6, 6, 6, 6, 7, 7, 7, 7, 7, 8, 8, 8, 9, 9, 10, 10, 10
v =  4, 6, 7, 3, 5, 2, 4, 5, 6, 7, 9, 10, 0, 3, 5, 7, 8, 10, 2, 3, 4, 1, 3, 7, 8, 1, 3, 4, 6, 8, 4, 6, 7, 3, 10, 3, 4, 9
e =  512, 1024, 256, 256, 512, 256, 128, 256, 1024, 128, 1024, 1024, 512, 128, 128, 128, 128, 1024, 512, 256, 128, 1024, 1024, 512, 1024, 256, 128, 128, 512, 1024, 128, 1024, 1024, 1024, 1024, 1024, 1024, 1024
x = 0,0,0,0,0,0,0,0,0,0,0
y = 0,0,0,0,0,0,0,0,0,0,0
