[general]
path = outputs/system/

[chiplets]
chiplet_count = 7
widths = 	7,	30,	23,	30,	22,	19,	23
heights = 	8,	28,	25,	28,	26,	18,	20
powers = 	161,	96,	195,	200,	48,	187,	111
target_reward = 0
connections = 0,	256,	0,	512,	0,	0,	0;
			256,	0,	0,	512,	0,	512,	512;
			0,	0,	0,	1024,	0,	0,	0;
			512,	512,	1024,	0,	1024,	128,	1024;
			0,	0,	0,	1024,	0,	1024,	256;
			0,	512,	0,	128,	1024,	0,	512;
			0,	512,	0,	1024,	256,	512,	0
u =  0, 0, 1, 1, 1, 1, 2, 3, 3, 3, 3, 3, 3, 4, 4, 4, 5, 5, 5, 5, 6, 6, 6, 6
v =  1, 3, 0, 3, 5, 6, 3, 0, 1, 2, 4, 5, 6, 3, 5, 6, 1, 3, 4, 6, 1, 3, 4, 5
e =  256, 512, 256, 512, 512, 512, 1024, 512, 512, 1024, 1024, 128, 1024, 1024, 1024, 256, 512, 128, 1024, 512, 512, 1024, 256, 512
x = 0,0,0,0,0,0,0
y = 0,0,0,0,0,0,0
