[general]
path = outputs/system/

[chiplets]
chiplet_count = 9
widths = 	17,	9,	9,	16,	13,	28,	10,	18,	27
heights = 	14,	11,	11,	20,	13,	26,	11,	20,	22
powers = 	112,	7,	11,	191,	105,	111,	51,	95,	144
target_reward = 0
connections = 0,	256,	512,	0,	0,	256,	0,	0,	0;
			256,	0,	128,	128,	256,	1024,	0,	0,	0;
			512,	128,	0,	512,	0,	0,	0,	0,	0;
			0,	128,	512,	0,	0,	0,	0,	0,	1024;
			0,	256,	0,	0,	0,	256,	128,	1024,	0;
			256,	1024,	0,	0,	256,	0,	0,	0,	0;
			0,	0,	0,	0,	128,	0,	0,	0,	128;
			0,	0,	0,	0,	1024,	0,	0,	0,	512;
			0,	0,	0,	1024,	0,	0,	128,	512,	0
u =  0, 0, 0, 1, 1, 1, 1, 1, 2, 2, 2, 3, 3, 3, 4, 4, 4, 4, 5, 5, 5, 6, 6, 7, 7, 8, 8, 8
v =  1, 2, 5, 0, 2, 3, 4, 5, 0, 1, 3, 1, 2, 8, 1, 5, 6, 7, 0, 1, 4, 4, 8, 4, 8, 3, 6, 7
e =  256, 512, 256, 256, 128, 128, 256, 1024, 512, 128, 512, 128, 512, 1024, 256, 256, 128, 1024, 256, 1024, 256, 128, 128, 1024, 512, 1024, 128, 512
x = 0,0,0,0,0,0,0,0,0
y = 0,0,0,0,0,0,0,0,0
