[general]
path = outputs/system/

[chiplets]
chiplet_count = 8
widths = 	14,	21,	23,	24,	13,	14,	14,	25
heights = 	15,	25,	28,	21,	14,	14,	17,	30
powers = 	137,	122,	177,	157,	137,	157,	157,	185
target_reward = 0
connections = 0,	0,	1024,	0,	128,	0,	512,	0;
			0,	0,	1024,	1024,	0,	0,	0,	0;
			1024,	1024,	0,	1024,	0,	1024,	0,	512;
			0,	1024,	1024,	0,	512,	512,	0,	0;
			128,	0,	0,	512,	0,	1024,	128,	128;
			0,	0,	1024,	512,	1024,	0,	128,	0;
			512,	0,	0,	0,	128,	128,	0,	0;
			0,	0,	512,	0,	128,	0,	0,	0
u =  0, 0, 0, 1, 1, 2, 2, 2, 2, 2, 3, 3, 3, 3, 4, 4, 4, 4, 4, 5, 5, 5, 5, 6, 6, 6, 7, 7
v =  2, 4, 6, 2, 3, 0, 1, 3, 5, 7, 1, 2, 4, 5, 0, 3, 5, 6, 7, 2, 3, 4, 6, 0, 4, 5, 2, 4
e =  1024, 128, 512, 1024, 1024, 1024, 1024, 1024, 1024, 512, 1024, 1024, 512, 512, 128, 512, 1024, 128, 128, 1024, 512, 1024, 128, 512, 128, 128, 512, 128
x = 0,0,0,0,0,0,0,0
y = 0,0,0,0,0,0,0,0
