[general]
path = outputs/system/

[chiplets]
chiplet_count = 8
widths = 	25,	26,	12,	22,	13,	11,	4,	10
heights = 	29,	28,	14,	19,	15,	12,	5,	12
powers = 	37,	188,	70,	199,	6,	65,	42,	80
target_reward = 0
connections = 0,	0,	0,	0,	128,	512,	0,	0;
			0,	0,	128,	1024,	0,	0,	0,	256;
			0,	128,	0,	128,	512,	256,	1024,	0;
			0,	1024,	128,	0,	512,	0,	0,	128;
			128,	0,	512,	512,	0,	0,	512,	512;
			512,	0,	256,	0,	0,	0,	0,	512;
			0,	0,	1024,	0,	512,	0,	0,	128;
			0,	256,	0,	128,	512,	512,	128,	0
u =  0, 0, 1, 1, 1, 2, 2, 2, 2, 2, 3, 3, 3, 3, 4, 4, 4, 4, 4, 5, 5, 5, 6, 6, 6, 7, 7, 7, 7, 7
v =  4, 5, 2, 3, 7, 1, 3, 4, 5, 6, 1, 2, 4, 7, 0, 2, 3, 6, 7, 0, 2, 7, 2, 4, 7, 1, 3, 4, 5, 6
e =  128, 512, 128, 1024, 256, 128, 128, 512, 256, 1024, 1024, 128, 512, 128, 128, 512, 512, 512, 512, 512, 256, 512, 1024, 512, 128, 256, 128, 512, 512, 128
x = 0,0,0,0,0,0,0,0
y = 0,0,0,0,0,0,0,0
