[general]
path = outputs/system/

[chiplets]
chiplet_count = 9
widths = 	14,	29,	23,	9,	18,	6,	22,	10,	27
heights = 	16,	30,	19,	10,	19,	7,	24,	9,	24
powers = 	193,	172,	34,	190,	161,	88,	24,	88,	175
target_reward = 0
connections = 0,	0,	0,	0,	0,	1024,	0,	512,	512;
			0,	0,	0,	0,	512,	0,	0,	0,	256;
			0,	0,	0,	512,	256,	1024,	1024,	512,	0;
			0,	0,	512,	0,	1024,	1024,	1024,	0,	0;
			0,	512,	256,	1024,	0,	0,	512,	0,	0;
			1024,	0,	1024,	1024,	0,	0,	0,	0,	0;
			0,	0,	1024,	1024,	512,	0,	0,	0,	1024;
			512,	0,	512,	0,	0,	0,	0,	0,	0;
			512,	256,	0,	0,	0,	0,	1024,	0,	0
u =  0, 0, 0, 1, 1, 2, 2, 2, 2, 2, 3, 3, 3, 3, 4, 4, 4, 4, 5, 5, 5, 6, 6, 6, 6, 7, 7, 8, 8, 8
v =  5, 7, 8, 4, 8, 3, 4, 5, 6, 7, 2, 4, 5, 6, 1, 2, 3, 6, 0, 2, 3, 2, 3, 4, 8, 0, 2, 0, 1, 6
e =  1024, 512, 512, 512, 256, 512, 256, 1024, 1024, 512, 512, 1024, 1024, 1024, 512, 256, 1024, 512, 1024, 1024, 1024, 1024, 1024, 512, 1024, 512, 512, 512, 256, 1024
x = 0,0,0,0,0,0,0,0,0
y = 0,0,0,0,0,0,0,0,0
