[general]
path = outputs/system/

[chiplets]
chiplet_count = 9
widths = 	30,	16,	10,	19,	15,	20,	13,	16,	21
heights = 	24,	15,	11,	20,	18,	22,	16,	19,	20
powers = 	28,	79,	169,	180,	2,	146,	101,	88,	193
target_reward = 0
connections = 0,	1024,	512,	512,	0,	1024,	256,	1024,	0;
			1024,	0,	1024,	0,	0,	0,	0,	0,	128;
			512,	1024,	0,	0,	512,	256,	1024,	0,	0;
			512,	0,	0,	0,	0,	0,	0,	128,	0;
			0,	0,	512,	0,	0,	0,	0,	256,	0;
			1024,	0,	256,	0,	0,	0,	512,	0,	256;
			256,	0,	1024,	0,	0,	512,	0,	1024,	512;
			1024,	0,	0,	128,	256,	0,	1024,	0,	1024;
			0,	128,	0,	0,	0,	256,	512,	1024,	0
u =  0, 0, 0, 0, 0, 0, 1, 1, 1, 2, 2, 2, 2, 2, 3, 3, 4, 4, 5, 5, 5, 5, 6, 6, 6, 6, 6, 7, 7, 7, 7, 7, 8, 8, 8, 8
v =  1, 2, 3, 5, 6, 7, 0, 2, 8, 0, 1, 4, 5, 6, 0, 7, 2, 7, 0, 2, 6, 8, 0, 2, 5, 7, 8, 0, 3, 4, 6, 8, 1, 5, 6, 7
e =  1024, 512, 512, 1024, 256, 1024, 1024, 1024, 128, 512, 1024, 512, 256, 1024, 512, 128, 512, 256, 1024, 256, 512, 256, 256, 1024, 512, 1024, 512, 1024, 128, 256, 1024, 1024, 128, 256, 512, 1024
x = 0,0,0,0,0,0,0,0,0
y = 0,0,0,0,0,0,0,0,0
