[general]
path = outputs/system/

[chiplets]
chiplet_count = 8
widths = 	15,	11,	24,	19,	7,	18,	27,	29
heights = 	14,	12,	23,	21,	6,	20,	26,	24
powers = 	166,	85,	133,	29,	30,	29,	21,	174
target_reward = 0
connections = 0,	0,	0,	512,	256,	0,	0,	256;
			0,	0,	256,	512,	0,	0,	128,	0;
			0,	256,	0,	1024,	0,	0,	0,	0;
			512,	512,	1024,	0,	0,	512,	128,	128;
			256,	0,	0,	0,	0,	512,	128,	0;
			0,	0,	0,	512,	512,	0,	128,	0;
			0,	128,	0,	128,	128,	128,	0,	256;
			256,	0,	0,	128,	0,	0,	256,	0
u =  0, 0, 0, 1, 1, 1, 2, 2, 3, 3, 3, 3, 3, 3, 4, 4, 4, 5, 5, 5, 6, 6, 6, 6, 6, 7, 7, 7
v =  3, 4, 7, 2, 3, 6, 1, 3, 0, 1, 2, 5, 6, 7, 0, 5, 6, 3, 4, 6, 1, 3, 4, 5, 7, 0, 3, 6
e =  512, 256, 256, 256, 512, 128, 256, 1024, 512, 512, 1024, 512, 128, 128, 256, 512, 128, 512, 512, 128, 128, 128, 128, 128, 256, 256, 128, 256
x = 0,0,0,0,0,0,0,0
y = 0,0,0,0,0,0,0,0
