[general]
path = outputs/system/

[chiplets]
chiplet_count = 10
widths = 	30,	21,	11,	18,	15,	16,	13,	25,	10,	3
heights = 	27,	18,	12,	22,	14,	16,	12,	21,	9,	3
powers = 	86,	93,	20,	76,	127,	60,	133,	111,	166,	2
target_reward = 0
connections = 0,	1024,	1024,	256,	0,	0,	0,	0,	256,	0;
			1024,	0,	512,	0,	0,	0,	0,	0,	1024,	0;
			1024,	512,	0,	0,	0,	0,	256,	256,	0,	0;
			256,	0,	0,	0,	0,	0,	0,	0,	256,	512;
			0,	0,	0,	0,	0,	256,	1024,	1024,	128,	0;
			0,	0,	0,	0,	256,	0,	0,	512,	1024,	0;
			0,	0,	256,	0,	1024,	0,	0,	0,	1024,	1024;
			0,	0,	256,	0,	1024,	512,	0,	0,	0,	0;
			256,	1024,	0,	256,	128,	1024,	1024,	0,	0,	0;
			0,	0,	0,	512,	0,	0,	1024,	0,	0,	0
u =  0, 0, 0, 0, 1, 1, 1, 2, 2, 2, 2, 3, 3, 3, 4, 4, 4, 4, 5, 5, 5, 6, 6, 6, 6, 7, 7, 7, 8, 8, 8, 8, 8, 8, 9, 9
v =  1, 2, 3, 8, 0, 2, 8, 0, 1, 6, 7, 0, 8, 9, 5, 6, 7, 8, 4, 7, 8, 2, 4, 8, 9, 2, 4, 5, 0, 1, 3, 4, 5, 6, 3, 6
e =  1024, 1024, 256, 256, 1024, 512, 1024, 1024, 512, 256, 256, 256, 256, 512, 256, 1024, 1024, 128, 256, 512, 1024, 256, 1024, 1024, 1024, 256, 1024, 512, 256, 1024, 256, 128, 1024, 1024, 512, 1024
x = 0,0,0,0,0,0,0,0,0,0
y = 0,0,0,0,0,0,0,0,0,0
