[general]
path = outputs/system/

[chiplets]
chiplet_count = 8
widths = 	19,	23,	20,	9,	17,	18,	4,	9
heights = 	22,	24,	24,	8,	19,	22,	4,	11
powers = 	35,	40,	134,	65,	198,	36,	43,	27
target_reward = 0
connections = 0,	1024,	0,	512,	0,	0,	0,	0;
			1024,	0,	1024,	0,	0,	0,	256,	0;
			0,	1024,	0,	128,	128,	0,	0,	0;
			512,	0,	128,	0,	512,	0,	256,	0;
			0,	0,	128,	512,	0,	256,	512,	512;
			0,	0,	0,	0,	256,	0,	1024,	1024;
			0,	256,	0,	256,	512,	1024,	0,	0;
			0,	0,	0,	0,	512,	1024,	0,	0
u =  0, 0, 1, 1, 1, 2, 2, 2, 3, 3, 3, 3, 4, 4, 4, 4, 4, 5, 5, 5, 6, 6, 6, 6, 7, 7
v =  1, 3, 0, 2, 6, 1, 3, 4, 0, 2, 4, 6, 2, 3, 5, 6, 7, 4, 6, 7, 1, 3, 4, 5, 4, 5
e =  1024, 512, 1024, 1024, 256, 1024, 128, 128, 512, 128, 512, 256, 128, 512, 256, 512, 512, 256, 1024, 1024, 256, 256, 512, 1024, 512, 1024
x = 0,0,0,0,0,0,0,0
y = 0,0,0,0,0,0,0,0
