[general]
path = outputs/system/

[chiplets]
chiplet_count = 7
widths = 	19,	11,	15,	14,	24,	23,	26
heights = 	21,	9,	16,	16,	23,	25,	22
powers = 	116,	78,	143,	190,	49,	90,	95
target_reward = 0
connections = 0,	128,	128,	0,	0,	0,	0;
			128,	0,	256,	128,	128,	128,	512;
			128,	256,	0,	128,	0,	0,	1024;
			0,	128,	128,	0,	128,	1024,	0;
			0,	128,	0,	128,	0,	0,	128;
			0,	128,	0,	1024,	0,	0,	256;
			0,	512,	1024,	0,	128,	256,	0
u =  0, 0, 1, 1, 1, 1, 1, 1, 2, 2, 2, 2, 3, 3, 3, 3, 4, 4, 4, 5, 5, 5, 6, 6, 6, 6
v =  1, 2, 0, 2, 3, 4, 5, 6, 0, 1, 3, 6, 1, 2, 4, 5, 1, 3, 6, 1, 3, 6, 1, 2, 4, 5
e =  128, 128, 128, 256, 128, 128, 128, 512, 128, 256, 128, 1024, 128, 128, 128, 1024, 128, 128, 128, 128, 1024, 256, 512, 1024, 128, 256
x = 0,0,0,0,0,0,0
y = 0,0,0,0,0,0,0
