[general]
path = outputs/system/

[chiplets]
chiplet_count = 11
widths = 	25,	12,	17,	18,	25,	24,	3,	11,	24,	21,	24
heights = 	27,	11,	18,	17,	20,	29,	3,	10,	28,	26,	24
powers = 	93,	7,	27,	179,	64,	156,	128,	14,	86,	71,	99
target_reward = 0
connections = 0,	0,	0,	0,	0,	0,	128,	0,	1024,	1024,	1024;
			0,	0,	0,	0,	0,	128,	0,	256,	0,	0,	0;
			0,	0,	0,	0,	0,	512,	128,	0,	0,	0,	0;
			0,	0,	0,	0,	0,	0,	0,	0,	0,	0,	256;
			0,	0,	0,	0,	0,	0,	0,	0,	0,	0,	256;
			0,	128,	512,	0,	0,	0,	1024,	1024,	0,	0,	1024;
			128,	0,	128,	0,	0,	1024,	0,	1024,	256,	0,	0;
			0,	256,	0,	0,	0,	1024,	1024,	0,	512,	128,	1024;
			1024,	0,	0,	0,	0,	0,	256,	512,	0,	128,	0;
			1024,	0,	0,	0,	0,	0,	0,	128,	128,	0,	256;
			1024,	0,	0,	256,	256,	1024,	0,	1024,	0,	256,	0
u =  0, 0, 0, 0, 1, 1, 2, 2, 3, 4, 5, 5, 5, 5, 5, 6, 6, 6, 6, 6, 7, 7, 7, 7, 7, 7, 8, 8, 8, 8, 9, 9, 9, 9, 10, 10, 10, 10, 10, 10
v =  6, 8, 9, 10, 5, 7, 5, 6, 10, 10, 1, 2, 6, 7, 10, 0, 2, 5, 7, 8, 1, 5, 6, 8, 9, 10, 0, 6, 7, 9, 0, 7, 8, 10, 0, 3, 4, 5, 7, 9
e =  128, 1024, 1024, 1024, 128, 256, 512, 128, 256, 256, 128, 512, 1024, 1024, 1024, 128, 128, 1024, 1024, 256, 256, 1024, 1024, 512, 128, 1024, 1024, 256, 512, 128, 1024, 128, 128, 256, 1024, 256, 256, 1024, 1024, 256
x = 0,0,0,0,0,0,0,0,0,0,0
y = 0,0,0,0,0,0,0,0,0,0,0
