[general]
path = outputs/system/

[chiplets]
chiplet_count = 9
widths = 	27,	6,	6,	13,	15,	16,	25,	24,	22
heights = 	27,	5,	7,	12,	14,	16,	22,	20,	22
powers = 	110,	97,	38,	170,	132,	3,	44,	190,	29
target_reward = 0
connections = 0,	256,	1024,	512,	0,	0,	0,	0,	1024;
			256,	0,	256,	0,	256,	256,	0,	0,	512;
			1024,	256,	0,	0,	0,	0,	0,	128,	0;
			512,	0,	0,	0,	0,	1024,	128,	256,	256;
			0,	256,	0,	0,	0,	256,	0,	0,	128;
			0,	256,	0,	1024,	256,	0,	0,	0,	128;
			0,	0,	0,	128,	0,	0,	0,	128,	1024;
			0,	0,	128,	256,	0,	0,	128,	0,	512;
			1024,	512,	0,	256,	128,	128,	1024,	512,	0
u =  0, 0, 0, 0, 1, 1, 1, 1, 1, 2, 2, 2, 3, 3, 3, 3, 3, 4, 4, 4, 5, 5, 5, 5, 6, 6, 6, 7, 7, 7, 7, 8, 8, 8, 8, 8, 8, 8
v =  1, 2, 3, 8, 0, 2, 4, 5, 8, 0, 1, 7, 0, 5, 6, 7, 8, 1, 5, 8, 1, 3, 4, 8, 3, 7, 8, 2, 3, 6, 8, 0, 1, 3, 4, 5, 6, 7
e =  256, 1024, 512, 1024, 256, 256, 256, 256, 512, 1024, 256, 128, 512, 1024, 128, 256, 256, 256, 256, 128, 256, 1024, 256, 128, 128, 128, 1024, 128, 256, 128, 512, 1024, 512, 256, 128, 128, 1024, 512
x = 0,0,0,0,0,0,0,0,0
y = 0,0,0,0,0,0,0,0,0
