[general]
path = outputs/system/

[chiplets]
chiplet_count = 9
widths = 	16,	15,	24,	20,	19,	21,	20,	21,	18
heights = 	13,	12,	30,	23,	19,	24,	24,	24,	16
powers = 	103,	78,	196,	36,	7,	1,	83,	93,	60
target_reward = 0
connections = 0,	128,	512,	0,	512,	0,	0,	0,	256;
			128,	0,	128,	0,	256,	128,	1024,	0,	0;
			512,	128,	0,	1024,	512,	0,	0,	0,	0;
			0,	0,	1024,	0,	512,	0,	0,	256,	0;
			512,	256,	512,	512,	0,	0,	128,	0,	0;
			0,	128,	0,	0,	0,	0,	0,	512,	0;
			0,	1024,	0,	0,	128,	0,	0,	1024,	0;
			0,	0,	0,	256,	0,	512,	1024,	0,	0;
			256,	0,	0,	0,	0,	0,	0,	0,	0
u =  0, 0, 0, 0, 1, 1, 1, 1, 1, 2, 2, 2, 2, 3, 3, 3, 4, 4, 4, 4, 4, 5, 5, 6, 6, 6, 7, 7, 7, 8
v =  1, 2, 4, 8, 0, 2, 4, 5, 6, 0, 1, 3, 4, 2, 4, 7, 0, 1, 2, 3, 6, 1, 7, 1, 4, 7, 3, 5, 6, 0
e =  128, 512, 512, 256, 128, 128, 256, 128, 1024, 512, 128, 1024, 512, 1024, 512, 256, 512, 256, 512, 512, 128, 128, 512, 1024, 128, 1024, 256, 512, 1024, 256
x = 0,0,0,0,0,0,0,0,0
y = 0,0,0,0,0,0,0,0,0
