[general]
path = outputs/system/

[chiplets]
chiplet_count = 9
widths = 	4,	9,	30,	10,	8,	4,	16,	27,	23
heights = 	5,	8,	28,	9,	9,	5,	18,	25,	26
powers = 	106,	166,	92,	103,	61,	117,	28,	154,	105
target_reward = 0
connections = 0,	256,	128,	0,	0,	128,	0,	0,	1024;
			256,	0,	512,	0,	1024,	1024,	128,	0,	0;
			128,	512,	0,	0,	0,	128,	0,	0,	0;
			0,	0,	0,	0,	0,	128,	0,	0,	0;
			0,	1024,	0,	0,	0,	0,	0,	256,	0;
			128,	1024,	128,	128,	0,	0,	0,	0,	0;
			0,	128,	0,	0,	0,	0,	0,	128,	512;
			0,	0,	0,	0,	256,	0,	128,	0,	128;
			1024,	0,	0,	0,	0,	0,	512,	128,	0
u =  0, 0, 0, 0, 1, 1, 1, 1, 1, 2, 2, 2, 3, 4, 4, 5, 5, 5, 5, 6, 6, 6, 7, 7, 7, 8, 8, 8
v =  1, 2, 5, 8, 0, 2, 4, 5, 6, 0, 1, 5, 5, 1, 7, 0, 1, 2, 3, 1, 7, 8, 4, 6, 8, 0, 6, 7
e =  256, 128, 128, 1024, 256, 512, 1024, 1024, 128, 128, 512, 128, 128, 1024, 256, 128, 1024, 128, 128, 128, 128, 512, 256, 128, 128, 1024, 512, 128
x = 0,0,0,0,0,0,0,0,0
y = 0,0,0,0,0,0,0,0,0
