[general]
path = outputs/system/

[chiplets]
chiplet_count = 10
widths = 	18,	24,	15,	26,	11,	19,	26,	22,	12,	19
heights = 	21,	29,	15,	27,	10,	16,	23,	27,	11,	16
powers = 	33,	100,	195,	82,	75,	162,	113,	127,	51,	55
target_reward = 0
connections = 0,	0,	128,	0,	0,	0,	0,	0,	1024,	0;
			0,	0,	0,	512,	0,	1024,	0,	0,	256,	0;
			128,	0,	0,	128,	0,	512,	0,	128,	1024,	0;
			0,	512,	128,	0,	0,	256,	0,	0,	0,	0;
			0,	0,	0,	0,	0,	1024,	1024,	0,	0,	0;
			0,	1024,	512,	256,	1024,	0,	1024,	0,	0,	128;
			0,	0,	0,	0,	1024,	1024,	0,	128,	128,	512;
			0,	0,	128,	0,	0,	0,	128,	0,	1024,	512;
			1024,	256,	1024,	0,	0,	0,	128,	1024,	0,	128;
			0,	0,	0,	0,	0,	128,	512,	512,	128,	0
u =  0, 0, 1, 1, 1, 2, 2, 2, 2, 2, 3, 3, 3, 4, 4, 5, 5, 5, 5, 5, 5, 6, 6, 6, 6, 6, 7, 7, 7, 7, 8, 8, 8, 8, 8, 8, 9, 9, 9, 9
v =  2, 8, 3, 5, 8, 0, 3, 5, 7, 8, 1, 2, 5, 5, 6, 1, 2, 3, 4, 6, 9, 4, 5, 7, 8, 9, 2, 6, 8, 9, 0, 1, 2, 6, 7, 9, 5, 6, 7, 8
e =  128, 1024, 512, 1024, 256, 128, 128, 512, 128, 1024, 512, 128, 256, 1024, 1024, 1024, 512, 256, 1024, 1024, 128, 1024, 1024, 128, 128, 512, 128, 128, 1024, 512, 1024, 256, 1024, 128, 1024, 128, 128, 512, 512, 128
x = 0,0,0,0,0,0,0,0,0,0
y = 0,0,0,0,0,0,0,0,0,0
