[general]
path = outputs/system/

[chiplets]
chiplet_count = 10
widths = 	17,	16,	9,	22,	19,	25,	12,	24,	12,	25
heights = 	20,	14,	8,	18,	16,	21,	10,	30,	15,	22
powers = 	94,	121,	60,	18,	125,	174,	186,	102,	200,	39
target_reward = 0
connections = 0,	1024,	512,	0,	0,	0,	0,	0,	0,	0;
			1024,	0,	0,	128,	0,	512,	0,	0,	0,	0;
			512,	0,	0,	0,	128,	0,	0,	0,	0,	0;
			0,	128,	0,	0,	512,	0,	0,	0,	0,	0;
			0,	0,	128,	512,	0,	512,	0,	0,	256,	0;
			0,	512,	0,	0,	512,	0,	512,	256,	0,	128;
			0,	0,	0,	0,	0,	512,	0,	256,	128,	0;
			0,	0,	0,	0,	0,	256,	256,	0,	1024,	0;
			0,	0,	0,	0,	256,	0,	128,	1024,	0,	0;
			0,	0,	0,	0,	0,	128,	0,	0,	0,	0
u =  0, 0, 1, 1, 1, 2, 2, 3, 3, 4, 4, 4, 4, 5, 5, 5, 5, 5, 6, 6, 6, 7, 7, 7, 8, 8, 8, 9
v =  1, 2, 0, 3, 5, 0, 4, 1, 4, 2, 3, 5, 8, 1, 4, 6, 7, 9, 5, 7, 8, 5, 6, 8, 4, 6, 7, 5
e =  1024, 512, 1024, 128, 512, 512, 128, 128, 512, 128, 512, 512, 256, 512, 512, 512, 256, 128, 512, 256, 128, 256, 256, 1024, 256, 128, 1024, 128
x = 0,0,0,0,0,0,0,0,0,0
y = 0,0,0,0,0,0,0,0,0,0
