[general]
path = outputs/system/

[chiplets]
chiplet_count = 9
widths = 	26,	23,	25,	23,	4,	21,	23,	22,	27
heights = 	25,	23,	26,	28,	4,	18,	21,	26,	23
powers = 	16,	158,	168,	17,	69,	135,	40,	103,	65
target_reward = 0
connections = 0,	0,	128,	0,	256,	0,	1024,	0,	0;
			0,	0,	0,	1024,	1024,	512,	0,	0,	1024;
			128,	0,	0,	1024,	256,	0,	0,	0,	1024;
			0,	1024,	1024,	0,	128,	512,	1024,	256,	128;
			256,	1024,	256,	128,	0,	512,	0,	0,	0;
			0,	512,	0,	512,	512,	0,	0,	512,	0;
			1024,	0,	0,	1024,	0,	0,	0,	0,	0;
			0,	0,	0,	256,	0,	512,	0,	0,	0;
			0,	1024,	1024,	128,	0,	0,	0,	0,	0
u =  0, 0, 0, 1, 1, 1, 1, 2, 2, 2, 2, 3, 3, 3, 3, 3, 3, 3, 4, 4, 4, 4, 4, 5, 5, 5, 5, 6, 6, 7, 7, 8, 8, 8
v =  2, 4, 6, 3, 4, 5, 8, 0, 3, 4, 8, 1, 2, 4, 5, 6, 7, 8, 0, 1, 2, 3, 5, 1, 3, 4, 7, 0, 3, 3, 5, 1, 2, 3
e =  128, 256, 1024, 1024, 1024, 512, 1024, 128, 1024, 256, 1024, 1024, 1024, 128, 512, 1024, 256, 128, 256, 1024, 256, 128, 512, 512, 512, 512, 512, 1024, 1024, 256, 512, 1024, 1024, 128
x = 0,0,0,0,0,0,0,0,0
y = 0,0,0,0,0,0,0,0,0
