[general]
path = outputs/system/

[chiplets]
chiplet_count = 10
widths = 	24,	27,	21,	23,	27,	24,	9,	20,	15,	30
heights = 	20,	22,	17,	22,	29,	28,	11,	19,	16,	26
powers = 	67,	31,	186,	54,	118,	11,	76,	12,	181,	48
target_reward = 0
connections = 0,	0,	512,	0,	0,	0,	0,	256,	256,	0;
			0,	0,	0,	512,	512,	128,	0,	0,	0,	0;
			512,	0,	0,	512,	0,	512,	0,	0,	512,	0;
			0,	512,	512,	0,	0,	0,	512,	256,	0,	128;
			0,	512,	0,	0,	0,	256,	1024,	0,	0,	0;
			0,	128,	512,	0,	256,	0,	256,	1024,	512,	256;
			0,	0,	0,	512,	1024,	256,	0,	256,	0,	0;
			256,	0,	0,	256,	0,	1024,	256,	0,	512,	0;
			256,	0,	512,	0,	0,	512,	0,	512,	0,	0;
			0,	0,	0,	128,	0,	256,	0,	0,	0,	0
u =  0, 0, 0, 1, 1, 1, 2, 2, 2, 2, 3, 3, 3, 3, 3, 4, 4, 4, 5, 5, 5, 5, 5, 5, 5, 6, 6, 6, 6, 7, 7, 7, 7, 7, 8, 8, 8, 8, 9, 9
v =  2, 7, 8, 3, 4, 5, 0, 3, 5, 8, 1, 2, 6, 7, 9, 1, 5, 6, 1, 2, 4, 6, 7, 8, 9, 3, 4, 5, 7, 0, 3, 5, 6, 8, 0, 2, 5, 7, 3, 5
e =  512, 256, 256, 512, 512, 128, 512, 512, 512, 512, 512, 512, 512, 256, 128, 512, 256, 1024, 128, 512, 256, 256, 1024, 512, 256, 512, 1024, 256, 256, 256, 256, 1024, 256, 512, 256, 512, 512, 512, 128, 256
x = 0,0,0,0,0,0,0,0,0,0
y = 0,0,0,0,0,0,0,0,0,0
