[general]
path = outputs/system/

[chiplets]
chiplet_count = 8
widths = 	16,	25,	10,	26,	23,	18,	24,	16
heights = 	16,	28,	11,	30,	19,	18,	29,	18
powers = 	169,	13,	117,	55,	178,	173,	101,	167
target_reward = 0
connections = 0,	0,	0,	0,	0,	128,	0,	0;
			0,	0,	256,	256,	0,	1024,	0,	0;
			0,	256,	0,	128,	0,	128,	0,	128;
			0,	256,	128,	0,	128,	1024,	128,	0;
			0,	0,	0,	128,	0,	1024,	128,	0;
			128,	1024,	128,	1024,	1024,	0,	0,	0;
			0,	0,	0,	128,	128,	0,	0,	512;
			0,	0,	128,	0,	0,	0,	512,	0
u =  0, 1, 1, 1, 2, 2, 2, 2, 3, 3, 3, 3, 3, 4, 4, 4, 5, 5, 5, 5, 5, 6, 6, 6, 7, 7
v =  5, 2, 3, 5, 1, 3, 5, 7, 1, 2, 4, 5, 6, 3, 5, 6, 0, 1, 2, 3, 4, 3, 4, 7, 2, 6
e =  128, 256, 256, 1024, 256, 128, 128, 128, 256, 128, 128, 1024, 128, 128, 1024, 128, 128, 1024, 128, 1024, 1024, 128, 128, 512, 128, 512
x = 0,0,0,0,0,0,0,0
y = 0,0,0,0,0,0,0,0
