[general]
path = outputs/system/

[chiplets]
chiplet_count = 10
widths = 	11,	21,	30,	21,	12,	5,	24,	16,	20,	12
heights = 	9,	18,	28,	20,	11,	4,	29,	18,	21,	14
powers = 	21,	49,	92,	90,	138,	28,	154,	24,	47,	141
target_reward = 0
connections = 0,	0,	0,	0,	0,	512,	0,	0,	1024,	0;
			0,	0,	0,	0,	0,	0,	512,	0,	1024,	0;
			0,	0,	0,	0,	0,	0,	0,	256,	0,	0;
			0,	0,	0,	0,	1024,	0,	0,	512,	0,	0;
			0,	0,	0,	1024,	0,	128,	0,	0,	128,	1024;
			512,	0,	0,	0,	128,	0,	0,	256,	0,	256;
			0,	512,	0,	0,	0,	0,	0,	256,	512,	0;
			0,	0,	256,	512,	0,	256,	256,	0,	1024,	512;
			1024,	1024,	0,	0,	128,	0,	512,	1024,	0,	512;
			0,	0,	0,	0,	1024,	256,	0,	512,	512,	0
u =  0, 0, 1, 1, 2, 3, 3, 4, 4, 4, 4, 5, 5, 5, 5, 6, 6, 6, 7, 7, 7, 7, 7, 7, 8, 8, 8, 8, 8, 8, 9, 9, 9, 9
v =  5, 8, 6, 8, 7, 4, 7, 3, 5, 8, 9, 0, 4, 7, 9, 1, 7, 8, 2, 3, 5, 6, 8, 9, 0, 1, 4, 6, 7, 9, 4, 5, 7, 8
e =  512, 1024, 512, 1024, 256, 1024, 512, 1024, 128, 128, 1024, 512, 128, 256, 256, 512, 256, 512, 256, 512, 256, 256, 1024, 512, 1024, 1024, 128, 512, 1024, 512, 1024, 256, 512, 512
x = 0,0,0,0,0,0,0,0,0,0
y = 0,0,0,0,0,0,0,0,0,0
