[general]
path = outputs/system/

[chiplets]
chiplet_count = 11
widths = 	11,	26,	29,	30,	10,	17,	25,	10,	4,	25,	18
heights = 	10,	25,	30,	28,	11,	19,	22,	12,	5,	22,	17
powers = 	111,	38,	39,	28,	36,	142,	70,	107,	109,	91,	198
target_reward = 0
connections = 0,	0,	256,	512,	0,	0,	0,	0,	0,	0,	256;
			0,	0,	0,	0,	1024,	0,	0,	512,	0,	0,	0;
			256,	0,	0,	0,	0,	0,	0,	0,	0,	0,	512;
			512,	0,	0,	0,	0,	1024,	0,	0,	128,	0,	128;
			0,	1024,	0,	0,	0,	0,	512,	256,	512,	0,	0;
			0,	0,	0,	1024,	0,	0,	128,	0,	0,	1024,	0;
			0,	0,	0,	0,	512,	128,	0,	0,	0,	0,	0;
			0,	512,	0,	0,	256,	0,	0,	0,	128,	256,	0;
			0,	0,	0,	128,	512,	0,	0,	128,	0,	256,	128;
			0,	0,	0,	0,	0,	1024,	0,	256,	256,	0,	256;
			256,	0,	512,	128,	0,	0,	0,	0,	128,	256,	0
u =  0, 0, 0, 1, 1, 2, 2, 3, 3, 3, 3, 4, 4, 4, 4, 5, 5, 5, 6, 6, 7, 7, 7, 7, 8, 8, 8, 8, 8, 9, 9, 9, 9, 10, 10, 10, 10, 10
v =  2, 3, 10, 4, 7, 0, 10, 0, 5, 8, 10, 1, 6, 7, 8, 3, 6, 9, 4, 5, 1, 4, 8, 9, 3, 4, 7, 9, 10, 5, 7, 8, 10, 0, 2, 3, 8, 9
e =  256, 512, 256, 1024, 512, 256, 512, 512, 1024, 128, 128, 1024, 512, 256, 512, 1024, 128, 1024, 512, 128, 512, 256, 128, 256, 128, 512, 128, 256, 128, 1024, 256, 256, 256, 256, 512, 128, 128, 256
x = 0,0,0,0,0,0,0,0,0,0,0
y = 0,0,0,0,0,0,0,0,0,0,0
