[general]
path = outputs/system/

[chiplets]
chiplet_count = 9
widths = 	28,	16,	11,	15,	21,	28,	4,	30,	28
heights = 	28,	17,	9,	13,	18,	28,	5,	25,	23
powers = 	172,	42,	38,	169,	131,	63,	58,	8,	128
target_reward = 0
connections = 0,	256,	128,	0,	0,	0,	128,	0,	512;
			256,	0,	1024,	0,	0,	0,	1024,	128,	0;
			128,	1024,	0,	512,	128,	256,	128,	256,	128;
			0,	0,	512,	0,	512,	128,	0,	256,	0;
			0,	0,	128,	512,	0,	0,	0,	0,	128;
			0,	0,	256,	128,	0,	0,	0,	1024,	0;
			128,	1024,	128,	0,	0,	0,	0,	128,	0;
			0,	128,	256,	256,	0,	1024,	128,	0,	0;
			512,	0,	128,	0,	128,	0,	0,	0,	0
u =  0, 0, 0, 0, 1, 1, 1, 1, 2, 2, 2, 2, 2, 2, 2, 2, 3, 3, 3, 3, 4, 4, 4, 5, 5, 5, 6, 6, 6, 6, 7, 7, 7, 7, 7, 8, 8, 8
v =  1, 2, 6, 8, 0, 2, 6, 7, 0, 1, 3, 4, 5, 6, 7, 8, 2, 4, 5, 7, 2, 3, 8, 2, 3, 7, 0, 1, 2, 7, 1, 2, 3, 5, 6, 0, 2, 4
e =  256, 128, 128, 512, 256, 1024, 1024, 128, 128, 1024, 512, 128, 256, 128, 256, 128, 512, 512, 128, 256, 128, 512, 128, 256, 128, 1024, 128, 1024, 128, 128, 128, 256, 256, 1024, 128, 512, 128, 128
x = 0,0,0,0,0,0,0,0,0
y = 0,0,0,0,0,0,0,0,0
