[general]
path = outputs/system/

[chiplets]
chiplet_count = 7
widths = 	24,	6,	27,	17,	24,	20,	5
heights = 	27,	5,	25,	18,	30,	25,	5
powers = 	131,	80,	15,	24,	161,	29,	181
target_reward = 0
connections = 0,	128,	0,	1024,	256,	0,	0;
			128,	0,	128,	128,	0,	512,	256;
			0,	128,	0,	512,	128,	128,	128;
			1024,	128,	512,	0,	0,	0,	512;
			256,	0,	128,	0,	0,	256,	128;
			0,	512,	128,	0,	256,	0,	256;
			0,	256,	128,	512,	128,	256,	0
u =  0, 0, 0, 1, 1, 1, 1, 1, 2, 2, 2, 2, 2, 3, 3, 3, 3, 4, 4, 4, 4, 5, 5, 5, 5, 6, 6, 6, 6, 6
v =  1, 3, 4, 0, 2, 3, 5, 6, 1, 3, 4, 5, 6, 0, 1, 2, 6, 0, 2, 5, 6, 1, 2, 4, 6, 1, 2, 3, 4, 5
e =  128, 1024, 256, 128, 128, 128, 512, 256, 128, 512, 128, 128, 128, 1024, 128, 512, 512, 256, 128, 256, 128, 512, 128, 256, 256, 256, 128, 512, 128, 256
x = 0,0,0,0,0,0,0
y = 0,0,0,0,0,0,0
