[general]
path = outputs/system/

[chiplets]
chiplet_count = 11
widths = 	3,	4,	14,	30,	20,	27,	26,	18,	15,	25,	26
heights = 	3,	4,	16,	30,	16,	26,	25,	18,	13,	25,	23
powers = 	126,	80,	177,	118,	43,	108,	15,	147,	191,	136,	38
target_reward = 0
connections = 0,	128,	512,	0,	0,	256,	128,	512,	0,	0,	0;
			128,	0,	1024,	512,	0,	0,	0,	0,	0,	0,	1024;
			512,	1024,	0,	0,	0,	0,	0,	0,	0,	1024,	0;
			0,	512,	0,	0,	512,	256,	0,	128,	0,	0,	0;
			0,	0,	0,	512,	0,	128,	0,	0,	0,	256,	512;
			256,	0,	0,	256,	128,	0,	0,	0,	0,	0,	0;
			128,	0,	0,	0,	0,	0,	0,	0,	0,	128,	0;
			512,	0,	0,	128,	0,	0,	0,	0,	0,	0,	0;
			0,	0,	0,	0,	0,	0,	0,	0,	0,	0,	128;
			0,	0,	1024,	0,	256,	0,	128,	0,	0,	0,	0;
			0,	1024,	0,	0,	512,	0,	0,	0,	128,	0,	0
u =  0, 0, 0, 0, 0, 1, 1, 1, 1, 2, 2, 2, 3, 3, 3, 3, 4, 4, 4, 4, 5, 5, 5, 6, 6, 7, 7, 8, 9, 9, 9, 10, 10, 10
v =  1, 2, 5, 6, 7, 0, 2, 3, 10, 0, 1, 9, 1, 4, 5, 7, 3, 5, 9, 10, 0, 3, 4, 0, 9, 0, 3, 10, 2, 4, 6, 1, 4, 8
e =  128, 512, 256, 128, 512, 128, 1024, 512, 1024, 512, 1024, 1024, 512, 512, 256, 128, 512, 128, 256, 512, 256, 256, 128, 128, 128, 512, 128, 128, 1024, 256, 128, 1024, 512, 128
x = 0,0,0,0,0,0,0,0,0,0,0
y = 0,0,0,0,0,0,0,0,0,0,0
