[general]
path = outputs/system/

[chiplets]
chiplet_count = 7
widths = 	12,	4,	25,	26,	25,	19,	13
heights = 	12,	4,	23,	23,	23,	19,	15
powers = 	72,	146,	10,	126,	158,	72,	48
target_reward = 0
connections = 0,	128,	1024,	0,	1024,	0,	1024;
			128,	0,	0,	0,	512,	1024,	0;
			1024,	0,	0,	0,	0,	256,	0;
			0,	0,	0,	0,	512,	128,	0;
			1024,	512,	0,	512,	0,	512,	256;
			0,	1024,	256,	128,	512,	0,	1024;
			1024,	0,	0,	0,	256,	1024,	0
u =  0, 0, 0, 0, 1, 1, 1, 2, 2, 3, 3, 4, 4, 4, 4, 4, 5, 5, 5, 5, 5, 6, 6, 6
v =  1, 2, 4, 6, 0, 4, 5, 0, 5, 4, 5, 0, 1, 3, 5, 6, 1, 2, 3, 4, 6, 0, 4, 5
e =  128, 1024, 1024, 1024, 128, 512, 1024, 1024, 256, 512, 128, 1024, 512, 512, 512, 256, 1024, 256, 128, 512, 1024, 1024, 256, 1024
x = 0,0,0,0,0,0,0
y = 0,0,0,0,0,0,0
