[general]
path = outputs/system/

[chiplets]
chiplet_count = 7
widths = 	28,	24,	23,	30,	12,	15,	22
heights = 	23,	29,	21,	27,	11,	12,	27
powers = 	90,	187,	38,	106,	163,	181,	53
target_reward = 0
connections = 0,	128,	0,	512,	512,	0,	0;
			128,	0,	0,	256,	256,	256,	256;
			0,	0,	0,	128,	0,	0,	0;
			512,	256,	128,	0,	128,	512,	256;
			512,	256,	0,	128,	0,	256,	256;
			0,	256,	0,	512,	256,	0,	128;
			0,	256,	0,	256,	256,	128,	0
u =  0, 0, 0, 1, 1, 1, 1, 1, 2, 3, 3, 3, 3, 3, 3, 4, 4, 4, 4, 4, 5, 5, 5, 5, 6, 6, 6, 6
v =  1, 3, 4, 0, 3, 4, 5, 6, 3, 0, 1, 2, 4, 5, 6, 0, 1, 3, 5, 6, 1, 3, 4, 6, 1, 3, 4, 5
e =  128, 512, 512, 128, 256, 256, 256, 256, 128, 512, 256, 128, 128, 512, 256, 512, 256, 128, 256, 256, 256, 512, 256, 128, 256, 256, 256, 128
x = 0,0,0,0,0,0,0
y = 0,0,0,0,0,0,0
