[general]
path = outputs/system/

[chiplets]
chiplet_count = 8
widths = 	23,	23,	24,	20,	28,	22,	23,	19
heights = 	21,	23,	26,	18,	30,	25,	28,	17
powers = 	40,	45,	2,	139,	83,	15,	110,	19
target_reward = 0
connections = 0,	1024,	128,	0,	0,	0,	0,	0;
			1024,	0,	128,	0,	0,	0,	0,	256;
			128,	128,	0,	256,	128,	0,	1024,	0;
			0,	0,	256,	0,	0,	128,	0,	0;
			0,	0,	128,	0,	0,	128,	0,	0;
			0,	0,	0,	128,	128,	0,	1024,	512;
			0,	0,	1024,	0,	0,	1024,	0,	256;
			0,	256,	0,	0,	0,	512,	256,	0
u =  0, 0, 1, 1, 1, 2, 2, 2, 2, 2, 3, 3, 4, 4, 5, 5, 5, 5, 6, 6, 6, 7, 7, 7
v =  1, 2, 0, 2, 7, 0, 1, 3, 4, 6, 2, 5, 2, 5, 3, 4, 6, 7, 2, 5, 7, 1, 5, 6
e =  1024, 128, 1024, 128, 256, 128, 128, 256, 128, 1024, 256, 128, 128, 128, 128, 128, 1024, 512, 1024, 1024, 256, 256, 512, 256
x = 0,0,0,0,0,0,0,0
y = 0,0,0,0,0,0,0,0
