[general]
path = outputs/system/

[chiplets]
chiplet_count = 9
widths = 	25,	13,	26,	26,	29,	16,	27,	18,	4
heights = 	27,	12,	21,	23,	29,	18,	30,	20,	4
powers = 	157,	99,	173,	53,	189,	195,	192,	116,	181
target_reward = 0
connections = 0,	0,	0,	0,	0,	128,	0,	0,	256;
			0,	0,	1024,	128,	0,	0,	0,	0,	256;
			0,	1024,	0,	512,	128,	1024,	0,	0,	512;
			0,	128,	512,	0,	1024,	0,	128,	1024,	0;
			0,	0,	128,	1024,	0,	0,	1024,	0,	0;
			128,	0,	1024,	0,	0,	0,	0,	0,	128;
			0,	0,	0,	128,	1024,	0,	0,	0,	0;
			0,	0,	0,	1024,	0,	0,	0,	0,	256;
			256,	256,	512,	0,	0,	128,	0,	256,	0
u =  0, 0, 1, 1, 1, 2, 2, 2, 2, 2, 3, 3, 3, 3, 3, 4, 4, 4, 5, 5, 5, 6, 6, 7, 7, 8, 8, 8, 8, 8
v =  5, 8, 2, 3, 8, 1, 3, 4, 5, 8, 1, 2, 4, 6, 7, 2, 3, 6, 0, 2, 8, 3, 4, 3, 8, 0, 1, 2, 5, 7
e =  128, 256, 1024, 128, 256, 1024, 512, 128, 1024, 512, 128, 512, 1024, 128, 1024, 128, 1024, 1024, 128, 1024, 128, 128, 1024, 1024, 256, 256, 256, 512, 128, 256
x = 0,0,0,0,0,0,0,0,0
y = 0,0,0,0,0,0,0,0,0
