[general]
path = outputs/system/

[chiplets]
chiplet_count = 8
widths = 	7,	20,	16,	14,	13,	7,	7,	11
heights = 	6,	24,	16,	12,	15,	8,	8,	9
powers = 	178,	142,	183,	59,	3,	176,	179,	40
target_reward = 0
connections = 0,	0,	512,	0,	512,	0,	0,	0;
			0,	0,	256,	0,	0,	0,	512,	0;
			512,	256,	0,	1024,	128,	256,	512,	0;
			0,	0,	1024,	0,	256,	256,	0,	512;
			512,	0,	128,	256,	0,	512,	0,	256;
			0,	0,	256,	256,	512,	0,	0,	0;
			0,	512,	512,	0,	0,	0,	0,	0;
			0,	0,	0,	512,	256,	0,	0,	0
u =  0, 0, 1, 1, 2, 2, 2, 2, 2, 2, 3, 3, 3, 3, 4, 4, 4, 4, 4, 5, 5, 5, 6, 6, 7, 7
v =  2, 4, 2, 6, 0, 1, 3, 4, 5, 6, 2, 4, 5, 7, 0, 2, 3, 5, 7, 2, 3, 4, 1, 2, 3, 4
e =  512, 512, 256, 512, 512, 256, 1024, 128, 256, 512, 1024, 256, 256, 512, 512, 128, 256, 512, 256, 256, 256, 512, 512, 512, 512, 256
x = 0,0,0,0,0,0,0,0
y = 0,0,0,0,0,0,0,0
