[general]
path = outputs/system/

[chiplets]
chiplet_count = 8
widths = 	25,	4,	25,	17,	9,	23,	14,	21
heights = 	24,	5,	27,	16,	9,	23,	15,	20
powers = 	43,	78,	118,	86,	169,	132,	148,	160
target_reward = 0
connections = 0,	0,	128,	256,	0,	0,	1024,	128;
			0,	0,	0,	0,	128,	0,	0,	256;
			128,	0,	0,	128,	1024,	256,	0,	1024;
			256,	0,	128,	0,	256,	256,	0,	0;
			0,	128,	1024,	256,	0,	0,	128,	1024;
			0,	0,	256,	256,	0,	0,	0,	0;
			1024,	0,	0,	0,	128,	0,	0,	1024;
			128,	256,	1024,	0,	1024,	0,	1024,	0
u =  0, 0, 0, 0, 1, 1, 2, 2, 2, 2, 2, 3, 3, 3, 3, 4, 4, 4, 4, 4, 5, 5, 6, 6, 6, 7, 7, 7, 7, 7
v =  2, 3, 6, 7, 4, 7, 0, 3, 4, 5, 7, 0, 2, 4, 5, 1, 2, 3, 6, 7, 2, 3, 0, 4, 7, 0, 1, 2, 4, 6
e =  128, 256, 1024, 128, 128, 256, 128, 128, 1024, 256, 1024, 256, 128, 256, 256, 128, 1024, 256, 128, 1024, 256, 256, 1024, 128, 1024, 128, 256, 1024, 1024, 1024
x = 0,0,0,0,0,0,0,0
y = 0,0,0,0,0,0,0,0
