[general]
path = outputs/system/

[chiplets]
chiplet_count = 9
widths = 	11,	11,	20,	18,	13,	15,	30,	7,	22
heights = 	9,	12,	20,	20,	13,	16,	28,	6,	26
powers = 	192,	177,	142,	89,	59,	136,	126,	117,	25
target_reward = 0
connections = 0,	256,	0,	0,	0,	1024,	128,	512,	256;
			256,	0,	0,	0,	1024,	256,	0,	0,	0;
			0,	0,	0,	0,	0,	0,	512,	1024,	128;
			0,	0,	0,	0,	128,	128,	0,	512,	1024;
			0,	1024,	0,	128,	0,	256,	0,	128,	512;
			1024,	256,	0,	128,	256,	0,	0,	0,	1024;
			128,	0,	512,	0,	0,	0,	0,	0,	0;
			512,	0,	1024,	512,	128,	0,	0,	0,	0;
			256,	0,	128,	1024,	512,	1024,	0,	0,	0
u =  0, 0, 0, 0, 0, 1, 1, 1, 2, 2, 2, 3, 3, 3, 3, 4, 4, 4, 4, 4, 5, 5, 5, 5, 5, 6, 6, 7, 7, 7, 7, 8, 8, 8, 8, 8
v =  1, 5, 6, 7, 8, 0, 4, 5, 6, 7, 8, 4, 5, 7, 8, 1, 3, 5, 7, 8, 0, 1, 3, 4, 8, 0, 2, 0, 2, 3, 4, 0, 2, 3, 4, 5
e =  256, 1024, 128, 512, 256, 256, 1024, 256, 512, 1024, 128, 128, 128, 512, 1024, 1024, 128, 256, 128, 512, 1024, 256, 128, 256, 1024, 128, 512, 512, 1024, 512, 128, 256, 128, 1024, 512, 1024
x = 0,0,0,0,0,0,0,0,0
y = 0,0,0,0,0,0,0,0,0
