[general]
path = outputs/system/

[chiplets]
chiplet_count = 9
widths = 	13,	22,	14,	20,	19,	19,	25,	25,	19
heights = 	16,	23,	14,	16,	17,	21,	21,	26,	16
powers = 	87,	94,	175,	97,	148,	175,	20,	27,	189
target_reward = 0
connections = 0,	0,	128,	0,	0,	0,	128,	0,	0;
			0,	0,	0,	256,	0,	0,	512,	0,	1024;
			128,	0,	0,	0,	0,	0,	0,	256,	0;
			0,	256,	0,	0,	128,	256,	0,	256,	0;
			0,	0,	0,	128,	0,	128,	512,	1024,	0;
			0,	0,	0,	256,	128,	0,	256,	1024,	0;
			128,	512,	0,	0,	512,	256,	0,	0,	0;
			0,	0,	256,	256,	1024,	1024,	0,	0,	0;
			0,	1024,	0,	0,	0,	0,	0,	0,	0
u =  0, 0, 1, 1, 1, 2, 2, 3, 3, 3, 3, 4, 4, 4, 4, 5, 5, 5, 5, 6, 6, 6, 6, 7, 7, 7, 7, 8
v =  2, 6, 3, 6, 8, 0, 7, 1, 4, 5, 7, 3, 5, 6, 7, 3, 4, 6, 7, 0, 1, 4, 5, 2, 3, 4, 5, 1
e =  128, 128, 256, 512, 1024, 128, 256, 256, 128, 256, 256, 128, 128, 512, 1024, 256, 128, 256, 1024, 128, 512, 512, 256, 256, 256, 1024, 1024, 1024
x = 0,0,0,0,0,0,0,0,0
y = 0,0,0,0,0,0,0,0,0
