[general]
path = outputs/system/

[chiplets]
chiplet_count = 8
widths = 	20,	19,	24,	9,	23,	6,	6,	13
heights = 	22,	18,	20,	8,	21,	6,	7,	13
powers = 	5,	78,	64,	43,	115,	178,	74,	85
target_reward = 0
connections = 0,	0,	128,	512,	0,	1024,	1024,	256;
			0,	0,	1024,	128,	0,	0,	0,	0;
			128,	1024,	0,	1024,	256,	256,	128,	128;
			512,	128,	1024,	0,	512,	1024,	512,	1024;
			0,	0,	256,	512,	0,	0,	0,	0;
			1024,	0,	256,	1024,	0,	0,	0,	256;
			1024,	0,	128,	512,	0,	0,	0,	1024;
			256,	0,	128,	1024,	0,	256,	1024,	0
u =  0, 0, 0, 0, 0, 1, 1, 2, 2, 2, 2, 2, 2, 2, 3, 3, 3, 3, 3, 3, 3, 4, 4, 5, 5, 5, 5, 6, 6, 6, 6, 7, 7, 7, 7, 7
v =  2, 3, 5, 6, 7, 2, 3, 0, 1, 3, 4, 5, 6, 7, 0, 1, 2, 4, 5, 6, 7, 2, 3, 0, 2, 3, 7, 0, 2, 3, 7, 0, 2, 3, 5, 6
e =  128, 512, 1024, 1024, 256, 1024, 128, 128, 1024, 1024, 256, 256, 128, 128, 512, 128, 1024, 512, 1024, 512, 1024, 256, 512, 1024, 256, 1024, 256, 1024, 128, 512, 1024, 256, 128, 1024, 256, 1024
x = 0,0,0,0,0,0,0,0
y = 0,0,0,0,0,0,0,0
