[general]
path = outputs/system/

[chiplets]
chiplet_count = 11
widths = 	19,	14,	20,	18,	23,	6,	10,	24,	16,	25,	16
heights = 	17,	14,	20,	18,	23,	5,	12,	28,	20,	30,	14
powers = 	183,	111,	60,	77,	102,	125,	88,	137,	166,	65,	108
target_reward = 0
connections = 0,	256,	0,	0,	0,	0,	512,	0,	0,	0,	0;
			256,	0,	128,	0,	0,	512,	0,	0,	0,	0,	1024;
			0,	128,	0,	0,	0,	0,	0,	512,	1024,	0,	0;
			0,	0,	0,	0,	512,	128,	0,	0,	0,	256,	0;
			0,	0,	0,	512,	0,	256,	256,	0,	256,	0,	0;
			0,	512,	0,	128,	256,	0,	1024,	256,	0,	0,	0;
			512,	0,	0,	0,	256,	1024,	0,	0,	256,	1024,	0;
			0,	0,	512,	0,	0,	256,	0,	0,	0,	0,	1024;
			0,	0,	1024,	0,	256,	0,	256,	0,	0,	128,	512;
			0,	0,	0,	256,	0,	0,	1024,	0,	128,	0,	0;
			0,	1024,	0,	0,	0,	0,	0,	1024,	512,	0,	0
u =  0, 0, 1, 1, 1, 1, 2, 2, 2, 3, 3, 3, 4, 4, 4, 4, 5, 5, 5, 5, 5, 6, 6, 6, 6, 6, 7, 7, 7, 8, 8, 8, 8, 8, 9, 9, 9, 10, 10, 10
v =  1, 6, 0, 2, 5, 10, 1, 7, 8, 4, 5, 9, 3, 5, 6, 8, 1, 3, 4, 6, 7, 0, 4, 5, 8, 9, 2, 5, 10, 2, 4, 6, 9, 10, 3, 6, 8, 1, 7, 8
e =  256, 512, 256, 128, 512, 1024, 128, 512, 1024, 512, 128, 256, 512, 256, 256, 256, 512, 128, 256, 1024, 256, 512, 256, 1024, 256, 1024, 512, 256, 1024, 1024, 256, 256, 128, 512, 256, 1024, 128, 1024, 1024, 512
x = 0,0,0,0,0,0,0,0,0,0,0
y = 0,0,0,0,0,0,0,0,0,0,0
