[general]
path = outputs/system/

[chiplets]
chiplet_count = 9
widths = 	26,	17,	23,	21,	18,	24,	25,	28,	18
heights = 	29,	18,	24,	24,	19,	27,	26,	29,	17
powers = 	166,	41,	44,	99,	7,	187,	197,	188,	14
target_reward = 0
connections = 0,	0,	0,	0,	0,	0,	512,	0,	128;
			0,	0,	128,	512,	0,	0,	512,	0,	0;
			0,	128,	0,	1024,	0,	0,	256,	512,	512;
			0,	512,	1024,	0,	256,	1024,	0,	128,	256;
			0,	0,	0,	256,	0,	0,	0,	0,	0;
			0,	0,	0,	1024,	0,	0,	128,	1024,	0;
			512,	512,	256,	0,	0,	128,	0,	256,	128;
			0,	0,	512,	128,	0,	1024,	256,	0,	0;
			128,	0,	512,	256,	0,	0,	128,	0,	0
u =  0, 0, 1, 1, 1, 2, 2, 2, 2, 2, 3, 3, 3, 3, 3, 3, 4, 5, 5, 5, 6, 6, 6, 6, 6, 6, 7, 7, 7, 7, 8, 8, 8, 8
v =  6, 8, 2, 3, 6, 1, 3, 6, 7, 8, 1, 2, 4, 5, 7, 8, 3, 3, 6, 7, 0, 1, 2, 5, 7, 8, 2, 3, 5, 6, 0, 2, 3, 6
e =  512, 128, 128, 512, 512, 128, 1024, 256, 512, 512, 512, 1024, 256, 1024, 128, 256, 256, 1024, 128, 1024, 512, 512, 256, 128, 256, 128, 512, 128, 1024, 256, 128, 512, 256, 128
x = 0,0,0,0,0,0,0,0,0
y = 0,0,0,0,0,0,0,0,0
