[general]
path = outputs/system/

[chiplets]
chiplet_count = 8
widths = 	11,	30,	16,	15,	27,	9,	26,	15
heights = 	11,	25,	18,	15,	25,	9,	30,	16
powers = 	149,	102,	99,	10,	106,	56,	130,	59
target_reward = 0
connections = 0,	128,	0,	0,	0,	0,	128,	256;
			128,	0,	128,	256,	0,	0,	0,	0;
			0,	128,	0,	256,	1024,	0,	1024,	0;
			0,	256,	256,	0,	256,	256,	128,	0;
			0,	0,	1024,	256,	0,	0,	0,	1024;
			0,	0,	0,	256,	0,	0,	0,	0;
			128,	0,	1024,	128,	0,	0,	0,	0;
			256,	0,	0,	0,	1024,	0,	0,	0
u =  0, 0, 0, 1, 1, 1, 2, 2, 2, 2, 3, 3, 3, 3, 3, 4, 4, 4, 5, 6, 6, 6, 7, 7
v =  1, 6, 7, 0, 2, 3, 1, 3, 4, 6, 1, 2, 4, 5, 6, 2, 3, 7, 3, 0, 2, 3, 0, 4
e =  128, 128, 256, 128, 128, 256, 128, 256, 1024, 1024, 256, 256, 256, 256, 128, 1024, 256, 1024, 256, 128, 1024, 128, 256, 1024
x = 0,0,0,0,0,0,0,0
y = 0,0,0,0,0,0,0,0
