[general]
path = outputs/system/

[chiplets]
chiplet_count = 11
widths = 	19,	5,	24,	27,	30,	26,	28,	12,	22,	23,	23
heights = 	17,	4,	24,	29,	30,	25,	30,	12,	26,	19,	23
powers = 	90,	136,	128,	155,	161,	32,	24,	176,	122,	157,	1
target_reward = 0
connections = 0,	128,	0,	0,	512,	128,	0,	0,	0,	512,	512;
			128,	0,	512,	0,	256,	0,	0,	512,	1024,	128,	0;
			0,	512,	0,	0,	0,	0,	0,	0,	128,	0,	0;
			0,	0,	0,	0,	512,	0,	0,	0,	0,	0,	256;
			512,	256,	0,	512,	0,	0,	0,	0,	0,	0,	0;
			128,	0,	0,	0,	0,	0,	1024,	256,	0,	0,	1024;
			0,	0,	0,	0,	0,	1024,	0,	128,	512,	0,	1024;
			0,	512,	0,	0,	0,	256,	128,	0,	1024,	0,	0;
			0,	1024,	128,	0,	0,	0,	512,	1024,	0,	0,	0;
			512,	128,	0,	0,	0,	0,	0,	0,	0,	0,	0;
			512,	0,	0,	256,	0,	1024,	1024,	0,	0,	0,	0
u =  0, 0, 0, 0, 0, 1, 1, 1, 1, 1, 1, 2, 2, 3, 3, 4, 4, 4, 5, 5, 5, 5, 6, 6, 6, 6, 7, 7, 7, 7, 8, 8, 8, 8, 9, 9, 10, 10, 10, 10
v =  1, 4, 5, 9, 10, 0, 2, 4, 7, 8, 9, 1, 8, 4, 10, 0, 1, 3, 0, 6, 7, 10, 5, 7, 8, 10, 1, 5, 6, 8, 1, 2, 6, 7, 0, 1, 0, 3, 5, 6
e =  128, 512, 128, 512, 512, 128, 512, 256, 512, 1024, 128, 512, 128, 512, 256, 512, 256, 512, 128, 1024, 256, 1024, 1024, 128, 512, 1024, 512, 256, 128, 1024, 1024, 128, 512, 1024, 512, 128, 512, 256, 1024, 1024
x = 0,0,0,0,0,0,0,0,0,0,0
y = 0,0,0,0,0,0,0,0,0,0,0
