[general]
path = outputs/system/

[chiplets]
chiplet_count = 10
widths = 	25,	29,	25,	14,	17,	27,	20,	23,	28,	15
heights = 	26,	25,	26,	12,	16,	23,	23,	28,	27,	18
powers = 	45,	146,	197,	189,	16,	21,	154,	187,	118,	85
target_reward = 0
connections = 0,	512,	256,	0,	128,	128,	0,	0,	256,	0;
			512,	0,	512,	0,	256,	256,	256,	0,	0,	0;
			256,	512,	0,	256,	0,	0,	0,	0,	0,	0;
			0,	0,	256,	0,	1024,	256,	0,	256,	0,	0;
			128,	256,	0,	1024,	0,	128,	0,	256,	0,	128;
			128,	256,	0,	256,	128,	0,	0,	1024,	256,	0;
			0,	256,	0,	0,	0,	0,	0,	0,	0,	0;
			0,	0,	0,	256,	256,	1024,	0,	0,	0,	256;
			256,	0,	0,	0,	0,	256,	0,	0,	0,	0;
			0,	0,	0,	0,	128,	0,	0,	256,	0,	0
u =  0, 0, 0, 0, 0, 1, 1, 1, 1, 1, 2, 2, 2, 3, 3, 3, 3, 4, 4, 4, 4, 4, 4, 5, 5, 5, 5, 5, 5, 6, 7, 7, 7, 7, 8, 8, 9, 9
v =  1, 2, 4, 5, 8, 0, 2, 4, 5, 6, 0, 1, 3, 2, 4, 5, 7, 0, 1, 3, 5, 7, 9, 0, 1, 3, 4, 7, 8, 1, 3, 4, 5, 9, 0, 5, 4, 7
e =  512, 256, 128, 128, 256, 512, 512, 256, 256, 256, 256, 512, 256, 256, 1024, 256, 256, 128, 256, 1024, 128, 256, 128, 128, 256, 256, 128, 1024, 256, 256, 256, 256, 1024, 256, 256, 256, 128, 256
x = 0,0,0,0,0,0,0,0,0,0
y = 0,0,0,0,0,0,0,0,0,0
