[general]
path = outputs/system/

[chiplets]
chiplet_count = 10
widths = 	18,	30,	14,	12,	18,	23,	5,	23,	25,	20
heights = 	18,	30,	17,	12,	20,	20,	4,	24,	25,	25
powers = 	149,	197,	123,	39,	189,	195,	165,	200,	182,	84
target_reward = 0
connections = 0,	256,	0,	0,	512,	0,	1024,	256,	512,	0;
			256,	0,	1024,	128,	0,	0,	0,	0,	128,	256;
			0,	1024,	0,	1024,	1024,	0,	0,	0,	0,	128;
			0,	128,	1024,	0,	128,	0,	0,	0,	0,	0;
			512,	0,	1024,	128,	0,	0,	0,	0,	0,	128;
			0,	0,	0,	0,	0,	0,	0,	1024,	128,	1024;
			1024,	0,	0,	0,	0,	0,	0,	128,	0,	512;
			256,	0,	0,	0,	0,	1024,	128,	0,	0,	128;
			512,	128,	0,	0,	0,	128,	0,	0,	0,	0;
			0,	256,	128,	0,	128,	1024,	512,	128,	0,	0
u =  0, 0, 0, 0, 0, 1, 1, 1, 1, 1, 2, 2, 2, 2, 3, 3, 3, 4, 4, 4, 4, 5, 5, 5, 6, 6, 6, 7, 7, 7, 7, 8, 8, 8, 9, 9, 9, 9, 9, 9
v =  1, 4, 6, 7, 8, 0, 2, 3, 8, 9, 1, 3, 4, 9, 1, 2, 4, 0, 2, 3, 9, 7, 8, 9, 0, 7, 9, 0, 5, 6, 9, 0, 1, 5, 1, 2, 4, 5, 6, 7
e =  256, 512, 1024, 256, 512, 256, 1024, 128, 128, 256, 1024, 1024, 1024, 128, 128, 1024, 128, 512, 1024, 128, 128, 1024, 128, 1024, 1024, 128, 512, 256, 1024, 128, 128, 512, 128, 128, 256, 128, 128, 1024, 512, 128
x = 0,0,0,0,0,0,0,0,0,0
y = 0,0,0,0,0,0,0,0,0,0
