[general]
path = outputs/system/

[chiplets]
chiplet_count = 8
widths = 	24,	22,	22,	22,	16,	12,	22,	18
heights = 	29,	25,	23,	20,	16,	14,	21,	18
powers = 	9,	36,	134,	130,	171,	178,	79,	53
target_reward = 0
connections = 0,	0,	128,	256,	128,	256,	256,	0;
			0,	0,	128,	128,	0,	1024,	0,	0;
			128,	128,	0,	256,	1024,	0,	512,	0;
			256,	128,	256,	0,	1024,	1024,	1024,	0;
			128,	0,	1024,	1024,	0,	128,	256,	1024;
			256,	1024,	0,	1024,	128,	0,	0,	256;
			256,	0,	512,	1024,	256,	0,	0,	0;
			0,	0,	0,	0,	1024,	256,	0,	0
u =  0, 0, 0, 0, 0, 1, 1, 1, 2, 2, 2, 2, 2, 3, 3, 3, 3, 3, 3, 4, 4, 4, 4, 4, 4, 5, 5, 5, 5, 5, 6, 6, 6, 6, 7, 7
v =  2, 3, 4, 5, 6, 2, 3, 5, 0, 1, 3, 4, 6, 0, 1, 2, 4, 5, 6, 0, 2, 3, 5, 6, 7, 0, 1, 3, 4, 7, 0, 2, 3, 4, 4, 5
e =  128, 256, 128, 256, 256, 128, 128, 1024, 128, 128, 256, 1024, 512, 256, 128, 256, 1024, 1024, 1024, 128, 1024, 1024, 128, 256, 1024, 256, 1024, 1024, 128, 256, 256, 512, 1024, 256, 1024, 256
x = 0,0,0,0,0,0,0,0
y = 0,0,0,0,0,0,0,0
