[general]
path = outputs/system/

[chiplets]
chiplet_count = 10
widths = 	18,	25,	11,	26,	28,	24,	19,	13,	16,	20
heights = 	21,	24,	10,	28,	28,	21,	18,	14,	20,	20
powers = 	72,	52,	104,	56,	4,	5,	35,	36,	141,	75
target_reward = 0
connections = 0,	0,	0,	0,	0,	1024,	0,	256,	0,	0;
			0,	0,	256,	0,	0,	512,	0,	0,	1024,	0;
			0,	256,	0,	256,	512,	0,	0,	0,	0,	0;
			0,	0,	256,	0,	128,	0,	128,	0,	256,	512;
			0,	0,	512,	128,	0,	0,	0,	256,	0,	0;
			1024,	512,	0,	0,	0,	0,	0,	0,	512,	0;
			0,	0,	0,	128,	0,	0,	0,	1024,	1024,	256;
			256,	0,	0,	0,	256,	0,	1024,	0,	128,	0;
			0,	1024,	0,	256,	0,	512,	1024,	128,	0,	128;
			0,	0,	0,	512,	0,	0,	256,	0,	128,	0
u =  0, 0, 1, 1, 1, 2, 2, 2, 3, 3, 3, 3, 3, 4, 4, 4, 5, 5, 5, 6, 6, 6, 6, 7, 7, 7, 7, 8, 8, 8, 8, 8, 8, 9, 9, 9
v =  5, 7, 2, 5, 8, 1, 3, 4, 2, 4, 6, 8, 9, 2, 3, 7, 0, 1, 8, 3, 7, 8, 9, 0, 4, 6, 8, 1, 3, 5, 6, 7, 9, 3, 6, 8
e =  1024, 256, 256, 512, 1024, 256, 256, 512, 256, 128, 128, 256, 512, 512, 128, 256, 1024, 512, 512, 128, 1024, 1024, 256, 256, 256, 1024, 128, 1024, 256, 512, 1024, 128, 128, 512, 256, 128
x = 0,0,0,0,0,0,0,0,0,0
y = 0,0,0,0,0,0,0,0,0,0
