[general]
path = outputs/system/

[chiplets]
chiplet_count = 10
widths = 	11,	22,	3,	13,	16,	25,	21,	25,	30,	30
heights = 	10,	24,	3,	13,	15,	28,	20,	23,	25,	24
powers = 	157,	163,	114,	164,	127,	89,	54,	105,	130,	155
target_reward = 0
connections = 0,	1024,	0,	0,	256,	256,	256,	256,	0,	0;
			1024,	0,	0,	0,	1024,	0,	0,	0,	0,	0;
			0,	0,	0,	0,	256,	0,	256,	1024,	0,	128;
			0,	0,	0,	0,	128,	128,	1024,	0,	0,	0;
			256,	1024,	256,	128,	0,	512,	128,	0,	0,	0;
			256,	0,	0,	128,	512,	0,	256,	0,	0,	0;
			256,	0,	256,	1024,	128,	256,	0,	0,	512,	512;
			256,	0,	1024,	0,	0,	0,	0,	0,	0,	128;
			0,	0,	0,	0,	0,	0,	512,	0,	0,	0;
			0,	0,	128,	0,	0,	0,	512,	128,	0,	0
u =  0, 0, 0, 0, 0, 1, 1, 2, 2, 2, 2, 3, 3, 3, 4, 4, 4, 4, 4, 4, 5, 5, 5, 5, 6, 6, 6, 6, 6, 6, 6, 7, 7, 7, 8, 9, 9, 9
v =  1, 4, 5, 6, 7, 0, 4, 4, 6, 7, 9, 4, 5, 6, 0, 1, 2, 3, 5, 6, 0, 3, 4, 6, 0, 2, 3, 4, 5, 8, 9, 0, 2, 9, 6, 2, 6, 7
e =  1024, 256, 256, 256, 256, 1024, 1024, 256, 256, 1024, 128, 128, 128, 1024, 256, 1024, 256, 128, 512, 128, 256, 128, 512, 256, 256, 256, 1024, 128, 256, 512, 512, 256, 1024, 128, 512, 128, 512, 128
x = 0,0,0,0,0,0,0,0,0,0
y = 0,0,0,0,0,0,0,0,0,0
