[general]
path = outputs/system/

[chiplets]
chiplet_count = 9
widths = 	12,	25,	19,	28,	30,	21,	24,	29,	22
heights = 	14,	27,	17,	29,	28,	22,	26,	29,	20
powers = 	40,	174,	195,	168,	32,	63,	189,	17,	58
target_reward = 0
connections = 0,	1024,	256,	256,	256,	0,	512,	256,	0;
			1024,	0,	1024,	0,	0,	0,	512,	0,	1024;
			256,	1024,	0,	0,	0,	512,	0,	0,	0;
			256,	0,	0,	0,	256,	128,	0,	0,	0;
			256,	0,	0,	256,	0,	1024,	0,	0,	1024;
			0,	0,	512,	128,	1024,	0,	0,	0,	0;
			512,	512,	0,	0,	0,	0,	0,	256,	0;
			256,	0,	0,	0,	0,	0,	256,	0,	0;
			0,	1024,	0,	0,	1024,	0,	0,	0,	0
u =  0, 0, 0, 0, 0, 0, 1, 1, 1, 1, 2, 2, 2, 3, 3, 3, 4, 4, 4, 4, 5, 5, 5, 6, 6, 6, 7, 7, 8, 8
v =  1, 2, 3, 4, 6, 7, 0, 2, 6, 8, 0, 1, 5, 0, 4, 5, 0, 3, 5, 8, 2, 3, 4, 0, 1, 7, 0, 6, 1, 4
e =  1024, 256, 256, 256, 512, 256, 1024, 1024, 512, 1024, 256, 1024, 512, 256, 256, 128, 256, 256, 1024, 1024, 512, 128, 1024, 512, 512, 256, 256, 256, 1024, 1024
x = 0,0,0,0,0,0,0,0,0
y = 0,0,0,0,0,0,0,0,0
