[general]
path = outputs/system/

[chiplets]
chiplet_count = 8
widths = 	18,	16,	24,	16,	24,	10,	24,	9
heights = 	20,	15,	23,	17,	20,	8,	28,	10
powers = 	190,	95,	198,	162,	87,	98,	110,	98
target_reward = 0
connections = 0,	128,	512,	0,	1024,	0,	0,	1024;
			128,	0,	1024,	0,	256,	0,	1024,	0;
			512,	1024,	0,	1024,	128,	0,	0,	1024;
			0,	0,	1024,	0,	128,	0,	0,	0;
			1024,	256,	128,	128,	0,	256,	0,	0;
			0,	0,	0,	0,	256,	0,	0,	0;
			0,	1024,	0,	0,	0,	0,	0,	512;
			1024,	0,	1024,	0,	0,	0,	512,	0
u =  0, 0, 0, 0, 1, 1, 1, 1, 2, 2, 2, 2, 2, 3, 3, 4, 4, 4, 4, 4, 5, 6, 6, 7, 7, 7
v =  1, 2, 4, 7, 0, 2, 4, 6, 0, 1, 3, 4, 7, 2, 4, 0, 1, 2, 3, 5, 4, 1, 7, 0, 2, 6
e =  128, 512, 1024, 1024, 128, 1024, 256, 1024, 512, 1024, 1024, 128, 1024, 1024, 128, 1024, 256, 128, 128, 256, 256, 1024, 512, 1024, 1024, 512
x = 0,0,0,0,0,0,0,0
y = 0,0,0,0,0,0,0,0
