[general]
path = outputs/system/

[chiplets]
chiplet_count = 9
widths = 	7,	26,	16,	25,	27,	20,	24,	24,	6
heights = 	6,	28,	16,	26,	28,	16,	22,	26,	6
powers = 	9,	30,	94,	128,	10,	176,	88,	177,	177
target_reward = 0
connections = 0,	0,	1024,	0,	512,	128,	0,	128,	256;
			0,	0,	0,	128,	0,	512,	128,	0,	1024;
			1024,	0,	0,	0,	0,	512,	1024,	0,	0;
			0,	128,	0,	0,	0,	0,	0,	1024,	256;
			512,	0,	0,	0,	0,	0,	0,	1024,	0;
			128,	512,	512,	0,	0,	0,	1024,	128,	128;
			0,	128,	1024,	0,	0,	1024,	0,	0,	0;
			128,	0,	0,	1024,	1024,	128,	0,	0,	1024;
			256,	1024,	0,	256,	0,	128,	0,	1024,	0
u =  0, 0, 0, 0, 0, 1, 1, 1, 1, 2, 2, 2, 3, 3, 3, 4, 4, 5, 5, 5, 5, 5, 5, 6, 6, 6, 7, 7, 7, 7, 7, 8, 8, 8, 8, 8
v =  2, 4, 5, 7, 8, 3, 5, 6, 8, 0, 5, 6, 1, 7, 8, 0, 7, 0, 1, 2, 6, 7, 8, 1, 2, 5, 0, 3, 4, 5, 8, 0, 1, 3, 5, 7
e =  1024, 512, 128, 128, 256, 128, 512, 128, 1024, 1024, 512, 1024, 128, 1024, 256, 512, 1024, 128, 512, 512, 1024, 128, 128, 128, 1024, 1024, 128, 1024, 1024, 128, 1024, 256, 1024, 256, 128, 1024
x = 0,0,0,0,0,0,0,0,0
y = 0,0,0,0,0,0,0,0,0
