[general]
path = outputs/system/

[chiplets]
chiplet_count = 9
widths = 	20,	15,	9,	4,	23,	28,	27,	13,	24
heights = 	18,	14,	10,	4,	19,	26,	26,	13,	21
powers = 	134,	105,	106,	174,	91,	135,	17,	147,	170
target_reward = 0
connections = 0,	1024,	1024,	0,	0,	0,	128,	0,	256;
			1024,	0,	128,	0,	0,	512,	0,	128,	0;
			1024,	128,	0,	1024,	0,	0,	0,	256,	128;
			0,	0,	1024,	0,	128,	1024,	0,	0,	0;
			0,	0,	0,	128,	0,	256,	0,	0,	0;
			0,	512,	0,	1024,	256,	0,	128,	1024,	0;
			128,	0,	0,	0,	0,	128,	0,	0,	512;
			0,	128,	256,	0,	0,	1024,	0,	0,	1024;
			256,	0,	128,	0,	0,	0,	512,	1024,	0
u =  0, 0, 0, 0, 1, 1, 1, 1, 2, 2, 2, 2, 2, 3, 3, 3, 4, 4, 5, 5, 5, 5, 5, 6, 6, 6, 7, 7, 7, 7, 8, 8, 8, 8
v =  1, 2, 6, 8, 0, 2, 5, 7, 0, 1, 3, 7, 8, 2, 4, 5, 3, 5, 1, 3, 4, 6, 7, 0, 5, 8, 1, 2, 5, 8, 0, 2, 6, 7
e =  1024, 1024, 128, 256, 1024, 128, 512, 128, 1024, 128, 1024, 256, 128, 1024, 128, 1024, 128, 256, 512, 1024, 256, 128, 1024, 128, 128, 512, 128, 256, 1024, 1024, 256, 128, 512, 1024
x = 0,0,0,0,0,0,0,0,0
y = 0,0,0,0,0,0,0,0,0
