[general]
path = outputs/system/

[chiplets]
chiplet_count = 9
widths = 	30,	25,	21,	25,	18,	29,	7,	17,	27
heights = 	24,	22,	26,	29,	17,	25,	7,	19,	24
powers = 	34,	99,	127,	149,	162,	11,	90,	125,	71
target_reward = 0
connections = 0,	256,	0,	0,	0,	0,	1024,	0,	0;
			256,	0,	0,	512,	512,	0,	0,	256,	0;
			0,	0,	0,	512,	128,	0,	128,	0,	0;
			0,	512,	512,	0,	128,	256,	0,	512,	512;
			0,	512,	128,	128,	0,	0,	0,	256,	0;
			0,	0,	0,	256,	0,	0,	0,	256,	128;
			1024,	0,	128,	0,	0,	0,	0,	512,	128;
			0,	256,	0,	512,	256,	256,	512,	0,	256;
			0,	0,	0,	512,	0,	128,	128,	256,	0
u =  0, 0, 1, 1, 1, 1, 2, 2, 2, 3, 3, 3, 3, 3, 3, 4, 4, 4, 4, 5, 5, 5, 6, 6, 6, 6, 7, 7, 7, 7, 7, 7, 8, 8, 8, 8
v =  1, 6, 0, 3, 4, 7, 3, 4, 6, 1, 2, 4, 5, 7, 8, 1, 2, 3, 7, 3, 7, 8, 0, 2, 7, 8, 1, 3, 4, 5, 6, 8, 3, 5, 6, 7
e =  256, 1024, 256, 512, 512, 256, 512, 128, 128, 512, 512, 128, 256, 512, 512, 512, 128, 128, 256, 256, 256, 128, 1024, 128, 512, 128, 256, 512, 256, 256, 512, 256, 512, 128, 128, 256
x = 0,0,0,0,0,0,0,0,0
y = 0,0,0,0,0,0,0,0,0
