[general]
path = outputs/system/

[chiplets]
chiplet_count = 7
widths = 	5,	28,	14,	20,	25,	21,	19
heights = 	4,	25,	16,	23,	29,	20,	20
powers = 	37,	19,	110,	70,	117,	37,	45
target_reward = 0
connections = 0,	256,	0,	0,	0,	512,	256;
			256,	0,	1024,	512,	512,	0,	0;
			0,	1024,	0,	128,	512,	0,	512;
			0,	512,	128,	0,	512,	0,	1024;
			0,	512,	512,	512,	0,	0,	0;
			512,	0,	0,	0,	0,	0,	512;
			256,	0,	512,	1024,	0,	512,	0
u =  0, 0, 0, 1, 1, 1, 1, 2, 2, 2, 2, 3, 3, 3, 3, 4, 4, 4, 5, 5, 6, 6, 6, 6
v =  1, 5, 6, 0, 2, 3, 4, 1, 3, 4, 6, 1, 2, 4, 6, 1, 2, 3, 0, 6, 0, 2, 3, 5
e =  256, 512, 256, 256, 1024, 512, 512, 1024, 128, 512, 512, 512, 128, 512, 1024, 512, 512, 512, 512, 512, 256, 512, 1024, 512
x = 0,0,0,0,0,0,0
y = 0,0,0,0,0,0,0
