[general]
path = outputs/system/

[chiplets]
chiplet_count = 9
widths = 	26,	26,	29,	11,	27,	28,	21,	21,	22
heights = 	27,	30,	27,	11,	26,	25,	24,	17,	25
powers = 	171,	111,	107,	56,	161,	105,	143,	47,	108
target_reward = 0
connections = 0,	512,	256,	0,	0,	0,	256,	0,	0;
			512,	0,	512,	512,	256,	0,	1024,	128,	0;
			256,	512,	0,	128,	0,	256,	0,	256,	256;
			0,	512,	128,	0,	0,	0,	512,	0,	0;
			0,	256,	0,	0,	0,	0,	0,	512,	512;
			0,	0,	256,	0,	0,	0,	0,	1024,	0;
			256,	1024,	0,	512,	0,	0,	0,	0,	0;
			0,	128,	256,	0,	512,	1024,	0,	0,	0;
			0,	0,	256,	0,	512,	0,	0,	0,	0
u =  0, 0, 0, 1, 1, 1, 1, 1, 1, 2, 2, 2, 2, 2, 2, 3, 3, 3, 4, 4, 4, 5, 5, 6, 6, 6, 7, 7, 7, 7, 8, 8
v =  1, 2, 6, 0, 2, 3, 4, 6, 7, 0, 1, 3, 5, 7, 8, 1, 2, 6, 1, 7, 8, 2, 7, 0, 1, 3, 1, 2, 4, 5, 2, 4
e =  512, 256, 256, 512, 512, 512, 256, 1024, 128, 256, 512, 128, 256, 256, 256, 512, 128, 512, 256, 512, 512, 256, 1024, 256, 1024, 512, 128, 256, 512, 1024, 256, 512
x = 0,0,0,0,0,0,0,0,0
y = 0,0,0,0,0,0,0,0,0
