[general]
path = outputs/system/

[chiplets]
chiplet_count = 9
widths = 	28,	30,	25,	10,	20,	21,	19,	16,	4
heights = 	28,	26,	25,	9,	18,	24,	18,	14,	5
powers = 	171,	146,	65,	19,	79,	157,	128,	131,	159
target_reward = 0
connections = 0,	1024,	512,	256,	0,	0,	0,	1024,	0;
			1024,	0,	0,	0,	0,	512,	0,	0,	0;
			512,	0,	0,	0,	0,	512,	512,	0,	1024;
			256,	0,	0,	0,	256,	128,	0,	128,	256;
			0,	0,	0,	256,	0,	512,	128,	0,	0;
			0,	512,	512,	128,	512,	0,	512,	128,	512;
			0,	0,	512,	0,	128,	512,	0,	256,	0;
			1024,	0,	0,	128,	0,	128,	256,	0,	0;
			0,	0,	1024,	256,	0,	512,	0,	0,	0
u =  0, 0, 0, 0, 1, 1, 2, 2, 2, 2, 3, 3, 3, 3, 3, 4, 4, 4, 5, 5, 5, 5, 5, 5, 5, 6, 6, 6, 6, 7, 7, 7, 7, 8, 8, 8
v =  1, 2, 3, 7, 0, 5, 0, 5, 6, 8, 0, 4, 5, 7, 8, 3, 5, 6, 1, 2, 3, 4, 6, 7, 8, 2, 4, 5, 7, 0, 3, 5, 6, 2, 3, 5
e =  1024, 512, 256, 1024, 1024, 512, 512, 512, 512, 1024, 256, 256, 128, 128, 256, 256, 512, 128, 512, 512, 128, 512, 512, 128, 512, 512, 128, 512, 256, 1024, 128, 128, 256, 1024, 256, 512
x = 0,0,0,0,0,0,0,0,0
y = 0,0,0,0,0,0,0,0,0
