[general]
path = outputs/system/

[chiplets]
chiplet_count = 8
widths = 	21,	23,	20,	25,	8,	8,	11,	18
heights = 	22,	23,	16,	25,	7,	7,	9,	20
powers = 	44,	131,	182,	182,	121,	45,	161,	143
target_reward = 0
connections = 0,	512,	128,	0,	0,	128,	0,	1024;
			512,	0,	0,	0,	256,	1024,	256,	0;
			128,	0,	0,	512,	0,	0,	0,	512;
			0,	0,	512,	0,	128,	0,	0,	0;
			0,	256,	0,	128,	0,	512,	256,	256;
			128,	1024,	0,	0,	512,	0,	512,	128;
			0,	256,	0,	0,	256,	512,	0,	128;
			1024,	0,	512,	0,	256,	128,	128,	0
u =  0, 0, 0, 0, 1, 1, 1, 1, 2, 2, 2, 3, 3, 4, 4, 4, 4, 4, 5, 5, 5, 5, 5, 6, 6, 6, 6, 7, 7, 7, 7, 7
v =  1, 2, 5, 7, 0, 4, 5, 6, 0, 3, 7, 2, 4, 1, 3, 5, 6, 7, 0, 1, 4, 6, 7, 1, 4, 5, 7, 0, 2, 4, 5, 6
e =  512, 128, 128, 1024, 512, 256, 1024, 256, 128, 512, 512, 512, 128, 256, 128, 512, 256, 256, 128, 1024, 512, 512, 128, 256, 256, 512, 128, 1024, 512, 256, 128, 128
x = 0,0,0,0,0,0,0,0
y = 0,0,0,0,0,0,0,0
