[general]
path = outputs/system/

[chiplets]
chiplet_count = 9
widths = 	21,	26,	10,	18,	25,	30,	24,	13,	28
heights = 	22,	27,	12,	15,	22,	30,	23,	12,	30
powers = 	96,	27,	52,	83,	189,	136,	176,	45,	24
target_reward = 0
connections = 0,	0,	0,	512,	1024,	256,	0,	0,	0;
			0,	0,	0,	0,	0,	1024,	0,	256,	0;
			0,	0,	0,	128,	512,	0,	0,	0,	128;
			512,	0,	128,	0,	256,	0,	0,	0,	0;
			1024,	0,	512,	256,	0,	0,	128,	0,	0;
			256,	1024,	0,	0,	0,	0,	128,	1024,	0;
			0,	0,	0,	0,	128,	128,	0,	128,	128;
			0,	256,	0,	0,	0,	1024,	128,	0,	0;
			0,	0,	128,	0,	0,	0,	128,	0,	0
u =  0, 0, 0, 1, 1, 2, 2, 2, 3, 3, 3, 4, 4, 4, 4, 5, 5, 5, 5, 6, 6, 6, 6, 7, 7, 7, 8, 8
v =  3, 4, 5, 5, 7, 3, 4, 8, 0, 2, 4, 0, 2, 3, 6, 0, 1, 6, 7, 4, 5, 7, 8, 1, 5, 6, 2, 6
e =  512, 1024, 256, 1024, 256, 128, 512, 128, 512, 128, 256, 1024, 512, 256, 128, 256, 1024, 128, 1024, 128, 128, 128, 128, 256, 1024, 128, 128, 128
x = 0,0,0,0,0,0,0,0,0
y = 0,0,0,0,0,0,0,0,0
