[general]
path = outputs/system/

[chiplets]
chiplet_count = 10
widths = 	4,	19,	20,	25,	28,	23,	26,	22,	7,	9
heights = 	5,	16,	22,	26,	29,	24,	26,	20,	6,	9
powers = 	58,	186,	58,	136,	51,	139,	157,	59,	39,	185
target_reward = 0
connections = 0,	1024,	128,	0,	0,	0,	256,	0,	1024,	128;
			1024,	0,	0,	0,	0,	512,	0,	512,	0,	0;
			128,	0,	0,	0,	0,	0,	128,	512,	0,	0;
			0,	0,	0,	0,	0,	512,	0,	0,	0,	0;
			0,	0,	0,	0,	0,	0,	1024,	0,	0,	0;
			0,	512,	0,	512,	0,	0,	0,	0,	1024,	128;
			256,	0,	128,	0,	1024,	0,	0,	128,	256,	0;
			0,	512,	512,	0,	0,	0,	128,	0,	512,	256;
			1024,	0,	0,	0,	0,	1024,	256,	512,	0,	512;
			128,	0,	0,	0,	0,	128,	0,	256,	512,	0
u =  0, 0, 0, 0, 0, 1, 1, 1, 2, 2, 2, 3, 4, 5, 5, 5, 5, 6, 6, 6, 6, 6, 7, 7, 7, 7, 7, 8, 8, 8, 8, 8, 9, 9, 9, 9
v =  1, 2, 6, 8, 9, 0, 5, 7, 0, 6, 7, 5, 6, 1, 3, 8, 9, 0, 2, 4, 7, 8, 1, 2, 6, 8, 9, 0, 5, 6, 7, 9, 0, 5, 7, 8
e =  1024, 128, 256, 1024, 128, 1024, 512, 512, 128, 128, 512, 512, 1024, 512, 512, 1024, 128, 256, 128, 1024, 128, 256, 512, 512, 128, 512, 256, 1024, 1024, 256, 512, 512, 128, 128, 256, 512
x = 0,0,0,0,0,0,0,0,0,0
y = 0,0,0,0,0,0,0,0,0,0
