[general]
path = outputs/system/

[chiplets]
chiplet_count = 7
widths = 	27,	30,	10,	29,	16,	24,	24
heights = 	23,	28,	10,	30,	19,	20,	27
powers = 	138,	71,	124,	8,	38,	159,	142
target_reward = 0
connections = 0,	0,	0,	512,	512,	0,	0;
			0,	0,	0,	0,	0,	1024,	1024;
			0,	0,	0,	512,	512,	0,	128;
			512,	0,	512,	0,	256,	128,	256;
			512,	0,	512,	256,	0,	512,	512;
			0,	1024,	0,	128,	512,	0,	128;
			0,	1024,	128,	256,	512,	128,	0
u =  0, 0, 1, 1, 2, 2, 2, 3, 3, 3, 3, 3, 4, 4, 4, 4, 4, 5, 5, 5, 5, 6, 6, 6, 6, 6
v =  3, 4, 5, 6, 3, 4, 6, 0, 2, 4, 5, 6, 0, 2, 3, 5, 6, 1, 3, 4, 6, 1, 2, 3, 4, 5
e =  512, 512, 1024, 1024, 512, 512, 128, 512, 512, 256, 128, 256, 512, 512, 256, 512, 512, 1024, 128, 512, 128, 1024, 128, 256, 512, 128
x = 0,0,0,0,0,0,0
y = 0,0,0,0,0,0,0
