[general]
path = outputs/system/

[chiplets]
chiplet_count = 9
widths = 	14,	21,	20,	19,	19,	26,	18,	14,	9
heights = 	14,	20,	19,	18,	22,	28,	21,	16,	8
powers = 	37,	108,	97,	160,	67,	81,	142,	154,	161
target_reward = 0
connections = 0,	0,	1024,	0,	0,	0,	0,	0,	1024;
			0,	0,	0,	128,	512,	0,	512,	0,	128;
			1024,	0,	0,	128,	1024,	128,	1024,	512,	128;
			0,	128,	128,	0,	256,	0,	0,	512,	0;
			0,	512,	1024,	256,	0,	512,	0,	256,	0;
			0,	0,	128,	0,	512,	0,	256,	0,	0;
			0,	512,	1024,	0,	0,	256,	0,	1024,	1024;
			0,	0,	512,	512,	256,	0,	1024,	0,	512;
			1024,	128,	128,	0,	0,	0,	1024,	512,	0
u =  0, 0, 1, 1, 1, 1, 2, 2, 2, 2, 2, 2, 2, 3, 3, 3, 3, 4, 4, 4, 4, 4, 5, 5, 5, 6, 6, 6, 6, 6, 7, 7, 7, 7, 7, 8, 8, 8, 8, 8
v =  2, 8, 3, 4, 6, 8, 0, 3, 4, 5, 6, 7, 8, 1, 2, 4, 7, 1, 2, 3, 5, 7, 2, 4, 6, 1, 2, 5, 7, 8, 2, 3, 4, 6, 8, 0, 1, 2, 6, 7
e =  1024, 1024, 128, 512, 512, 128, 1024, 128, 1024, 128, 1024, 512, 128, 128, 128, 256, 512, 512, 1024, 256, 512, 256, 128, 512, 256, 512, 1024, 256, 1024, 1024, 512, 512, 256, 1024, 512, 1024, 128, 128, 1024, 512
x = 0,0,0,0,0,0,0,0,0
y = 0,0,0,0,0,0,0,0,0
