[general]
path = outputs/system/

[chiplets]
chiplet_count = 9
widths = 	24,	28,	16,	29,	19,	22,	20,	26,	12
heights = 	29,	25,	13,	26,	19,	26,	21,	27,	11
powers = 	64,	148,	133,	120,	171,	191,	59,	28,	7
target_reward = 0
connections = 0,	512,	256,	1024,	0,	256,	0,	0,	0;
			512,	0,	1024,	512,	0,	0,	0,	0,	0;
			256,	1024,	0,	512,	1024,	512,	0,	0,	0;
			1024,	512,	512,	0,	512,	128,	0,	0,	512;
			0,	0,	1024,	512,	0,	0,	0,	0,	128;
			256,	0,	512,	128,	0,	0,	256,	0,	0;
			0,	0,	0,	0,	0,	256,	0,	512,	256;
			0,	0,	0,	0,	0,	0,	512,	0,	512;
			0,	0,	0,	512,	128,	0,	256,	512,	0
u =  0, 0, 0, 0, 1, 1, 1, 2, 2, 2, 2, 2, 3, 3, 3, 3, 3, 3, 4, 4, 4, 5, 5, 5, 5, 6, 6, 6, 7, 7, 8, 8, 8, 8
v =  1, 2, 3, 5, 0, 2, 3, 0, 1, 3, 4, 5, 0, 1, 2, 4, 5, 8, 2, 3, 8, 0, 2, 3, 6, 5, 7, 8, 6, 8, 3, 4, 6, 7
e =  512, 256, 1024, 256, 512, 1024, 512, 256, 1024, 512, 1024, 512, 1024, 512, 512, 512, 128, 512, 1024, 512, 128, 256, 512, 128, 256, 256, 512, 256, 512, 512, 512, 128, 256, 512
x = 0,0,0,0,0,0,0,0,0
y = 0,0,0,0,0,0,0,0,0
