[general]
path = outputs/system/

[chiplets]
chiplet_count = 11
widths = 	28,	24,	13,	30,	26,	21,	26,	28,	15,	24,	30
heights = 	24,	21,	14,	24,	22,	19,	21,	25,	17,	20,	27
powers = 	113,	21,	110,	144,	56,	28,	10,	19,	21,	181,	152
target_reward = 0
connections = 0,	0,	0,	0,	256,	128,	0,	0,	0,	0,	0;
			0,	0,	0,	512,	0,	128,	0,	0,	0,	0,	0;
			0,	0,	0,	256,	128,	0,	256,	0,	512,	1024,	0;
			0,	512,	256,	0,	256,	0,	0,	0,	0,	0,	0;
			256,	0,	128,	256,	0,	0,	0,	0,	0,	256,	0;
			128,	128,	0,	0,	0,	0,	0,	256,	1024,	0,	0;
			0,	0,	256,	0,	0,	0,	0,	0,	0,	512,	0;
			0,	0,	0,	0,	0,	256,	0,	0,	0,	0,	512;
			0,	0,	512,	0,	0,	1024,	0,	0,	0,	512,	1024;
			0,	0,	1024,	0,	256,	0,	512,	0,	512,	0,	1024;
			0,	0,	0,	0,	0,	0,	0,	512,	1024,	1024,	0
u =  0, 0, 1, 1, 2, 2, 2, 2, 2, 3, 3, 3, 4, 4, 4, 4, 5, 5, 5, 5, 6, 6, 7, 7, 8, 8, 8, 8, 9, 9, 9, 9, 9, 10, 10, 10
v =  4, 5, 3, 5, 3, 4, 6, 8, 9, 1, 2, 4, 0, 2, 3, 9, 0, 1, 7, 8, 2, 9, 5, 10, 2, 5, 9, 10, 2, 4, 6, 8, 10, 7, 8, 9
e =  256, 128, 512, 128, 256, 128, 256, 512, 1024, 512, 256, 256, 256, 128, 256, 256, 128, 128, 256, 1024, 256, 512, 256, 512, 512, 1024, 512, 1024, 1024, 256, 512, 512, 1024, 512, 1024, 1024
x = 0,0,0,0,0,0,0,0,0,0,0
y = 0,0,0,0,0,0,0,0,0,0,0
