[general]
path = outputs/system/

[chiplets]
chiplet_count = 10
widths = 	14,	5,	27,	12,	28,	26,	14,	13,	23,	12
heights = 	17,	4,	30,	15,	27,	24,	16,	14,	24,	14
powers = 	5,	179,	82,	175,	194,	121,	42,	183,	115,	122
target_reward = 0
connections = 0,	256,	0,	0,	0,	0,	0,	0,	128,	0;
			256,	0,	0,	0,	0,	256,	0,	0,	256,	0;
			0,	0,	0,	512,	128,	1024,	1024,	1024,	0,	0;
			0,	0,	512,	0,	1024,	1024,	512,	0,	0,	0;
			0,	0,	128,	1024,	0,	256,	0,	0,	0,	0;
			0,	256,	1024,	1024,	256,	0,	0,	0,	256,	128;
			0,	0,	1024,	512,	0,	0,	0,	0,	1024,	0;
			0,	0,	1024,	0,	0,	0,	0,	0,	0,	0;
			128,	256,	0,	0,	0,	256,	1024,	0,	0,	128;
			0,	0,	0,	0,	0,	128,	0,	0,	128,	0
u =  0, 0, 1, 1, 1, 2, 2, 2, 2, 2, 3, 3, 3, 3, 4, 4, 4, 5, 5, 5, 5, 5, 5, 6, 6, 6, 7, 8, 8, 8, 8, 8, 9, 9
v =  1, 8, 0, 5, 8, 3, 4, 5, 6, 7, 2, 4, 5, 6, 2, 3, 5, 1, 2, 3, 4, 8, 9, 2, 3, 8, 2, 0, 1, 5, 6, 9, 5, 8
e =  256, 128, 256, 256, 256, 512, 128, 1024, 1024, 1024, 512, 1024, 1024, 512, 128, 1024, 256, 256, 1024, 1024, 256, 256, 128, 1024, 512, 1024, 1024, 128, 256, 256, 1024, 128, 128, 128
x = 0,0,0,0,0,0,0,0,0,0
y = 0,0,0,0,0,0,0,0,0,0
