[general]
path = outputs/system/

[chiplets]
chiplet_count = 10
widths = 	19,	24,	22,	10,	4,	18,	8,	23,	25,	24
heights = 	23,	21,	22,	12,	5,	15,	9,	22,	30,	23
powers = 	98,	47,	145,	50,	99,	181,	122,	100,	13,	174
target_reward = 0
connections = 0,	1024,	256,	0,	0,	1024,	0,	0,	0,	128;
			1024,	0,	1024,	128,	0,	512,	0,	0,	0,	1024;
			256,	1024,	0,	256,	0,	0,	0,	128,	0,	512;
			0,	128,	256,	0,	0,	0,	1024,	0,	0,	1024;
			0,	0,	0,	0,	0,	512,	0,	0,	0,	0;
			1024,	512,	0,	0,	512,	0,	512,	128,	0,	0;
			0,	0,	0,	1024,	0,	512,	0,	0,	0,	512;
			0,	0,	128,	0,	0,	128,	0,	0,	1024,	1024;
			0,	0,	0,	0,	0,	0,	0,	1024,	0,	0;
			128,	1024,	512,	1024,	0,	0,	512,	1024,	0,	0
u =  0, 0, 0, 0, 1, 1, 1, 1, 1, 2, 2, 2, 2, 2, 3, 3, 3, 3, 4, 5, 5, 5, 5, 5, 6, 6, 6, 7, 7, 7, 7, 8, 9, 9, 9, 9, 9, 9
v =  1, 2, 5, 9, 0, 2, 3, 5, 9, 0, 1, 3, 7, 9, 1, 2, 6, 9, 5, 0, 1, 4, 6, 7, 3, 5, 9, 2, 5, 8, 9, 7, 0, 1, 2, 3, 6, 7
e =  1024, 256, 1024, 128, 1024, 1024, 128, 512, 1024, 256, 1024, 256, 128, 512, 128, 256, 1024, 1024, 512, 1024, 512, 512, 512, 128, 1024, 512, 512, 128, 128, 1024, 1024, 1024, 128, 1024, 512, 1024, 512, 1024
x = 0,0,0,0,0,0,0,0,0,0
y = 0,0,0,0,0,0,0,0,0,0
