[general]
path = outputs/system/

[chiplets]
chiplet_count = 9
widths = 	20,	25,	22,	8,	15,	23,	15,	9,	16
heights = 	25,	27,	25,	8,	14,	23,	17,	11,	20
powers = 	37,	143,	91,	20,	8,	117,	52,	52,	28
target_reward = 0
connections = 0,	256,	1024,	0,	1024,	256,	0,	0,	0;
			256,	0,	256,	1024,	0,	0,	0,	256,	0;
			1024,	256,	0,	128,	256,	0,	1024,	0,	0;
			0,	1024,	128,	0,	1024,	0,	512,	128,	128;
			1024,	0,	256,	1024,	0,	512,	128,	128,	0;
			256,	0,	0,	0,	512,	0,	128,	0,	512;
			0,	0,	1024,	512,	128,	128,	0,	0,	1024;
			0,	256,	0,	128,	128,	0,	0,	0,	0;
			0,	0,	0,	128,	0,	512,	1024,	0,	0
u =  0, 0, 0, 0, 1, 1, 1, 1, 2, 2, 2, 2, 2, 3, 3, 3, 3, 3, 3, 4, 4, 4, 4, 4, 4, 5, 5, 5, 5, 6, 6, 6, 6, 6, 7, 7, 7, 8, 8, 8
v =  1, 2, 4, 5, 0, 2, 3, 7, 0, 1, 3, 4, 6, 1, 2, 4, 6, 7, 8, 0, 2, 3, 5, 6, 7, 0, 4, 6, 8, 2, 3, 4, 5, 8, 1, 3, 4, 3, 5, 6
e =  256, 1024, 1024, 256, 256, 256, 1024, 256, 1024, 256, 128, 256, 1024, 1024, 128, 1024, 512, 128, 128, 1024, 256, 1024, 512, 128, 128, 256, 512, 128, 512, 1024, 512, 128, 128, 1024, 256, 128, 128, 128, 512, 1024
x = 0,0,0,0,0,0,0,0,0
y = 0,0,0,0,0,0,0,0,0
