[general]
path = outputs/system/

[chiplets]
chiplet_count = 8
widths = 	10,	13,	28,	30,	29,	16,	24,	30
heights = 	9,	12,	24,	24,	26,	13,	28,	27
powers = 	6,	199,	191,	159,	119,	12,	88,	195
target_reward = 0
connections = 0,	1024,	256,	512,	0,	0,	0,	0;
			1024,	0,	128,	0,	0,	0,	0,	0;
			256,	128,	0,	128,	512,	0,	0,	0;
			512,	0,	128,	0,	128,	1024,	0,	256;
			0,	0,	512,	128,	0,	512,	0,	0;
			0,	0,	0,	1024,	512,	0,	512,	0;
			0,	0,	0,	0,	0,	512,	0,	128;
			0,	0,	0,	256,	0,	0,	128,	0
u =  0, 0, 0, 1, 1, 2, 2, 2, 2, 3, 3, 3, 3, 3, 4, 4, 4, 5, 5, 5, 6, 6, 7, 7
v =  1, 2, 3, 0, 2, 0, 1, 3, 4, 0, 2, 4, 5, 7, 2, 3, 5, 3, 4, 6, 5, 7, 3, 6
e =  1024, 256, 512, 1024, 128, 256, 128, 128, 512, 512, 128, 128, 1024, 256, 512, 128, 512, 1024, 512, 512, 512, 128, 256, 128
x = 0,0,0,0,0,0,0,0
y = 0,0,0,0,0,0,0,0
