[general]
path = outputs/system/

[chiplets]
chiplet_count = 8
widths = 	22,	5,	26,	19,	18,	10,	23,	23
heights = 	21,	6,	29,	18,	16,	9,	21,	19
powers = 	83,	51,	159,	163,	78,	159,	160,	39
target_reward = 0
connections = 0,	256,	512,	512,	0,	0,	1024,	0;
			256,	0,	256,	0,	512,	0,	512,	256;
			512,	256,	0,	512,	256,	256,	256,	128;
			512,	0,	512,	0,	0,	0,	128,	0;
			0,	512,	256,	0,	0,	0,	256,	0;
			0,	0,	256,	0,	0,	0,	256,	1024;
			1024,	512,	256,	128,	256,	256,	0,	256;
			0,	256,	128,	0,	0,	1024,	256,	0
u =  0, 0, 0, 0, 1, 1, 1, 1, 1, 2, 2, 2, 2, 2, 2, 2, 3, 3, 3, 4, 4, 4, 5, 5, 5, 6, 6, 6, 6, 6, 6, 6, 7, 7, 7, 7
v =  1, 2, 3, 6, 0, 2, 4, 6, 7, 0, 1, 3, 4, 5, 6, 7, 0, 2, 6, 1, 2, 6, 2, 6, 7, 0, 1, 2, 3, 4, 5, 7, 1, 2, 5, 6
e =  256, 512, 512, 1024, 256, 256, 512, 512, 256, 512, 256, 512, 256, 256, 256, 128, 512, 512, 128, 512, 256, 256, 256, 256, 1024, 1024, 512, 256, 128, 256, 256, 256, 256, 128, 1024, 256
x = 0,0,0,0,0,0,0,0
y = 0,0,0,0,0,0,0,0
