[general]
path = outputs/system/

[chiplets]
chiplet_count = 7
widths = 	20,	11,	19,	25,	14,	10,	23
heights = 	23,	9,	19,	27,	16,	8,	25
powers = 	195,	70,	136,	97,	189,	33,	179
target_reward = 0
connections = 0,	1024,	256,	0,	128,	256,	512;
			1024,	0,	1024,	512,	1024,	256,	0;
			256,	1024,	0,	128,	0,	128,	0;
			0,	512,	128,	0,	0,	128,	0;
			128,	1024,	0,	0,	0,	128,	256;
			256,	256,	128,	128,	128,	0,	0;
			512,	0,	0,	0,	256,	0,	0
u =  0, 0, 0, 0, 0, 1, 1, 1, 1, 1, 2, 2, 2, 2, 3, 3, 3, 4, 4, 4, 4, 5, 5, 5, 5, 5, 6, 6
v =  1, 2, 4, 5, 6, 0, 2, 3, 4, 5, 0, 1, 3, 5, 1, 2, 5, 0, 1, 5, 6, 0, 1, 2, 3, 4, 0, 4
e =  1024, 256, 128, 256, 512, 1024, 1024, 512, 1024, 256, 256, 1024, 128, 128, 512, 128, 128, 128, 1024, 128, 256, 256, 256, 128, 128, 128, 512, 256
x = 0,0,0,0,0,0,0
y = 0,0,0,0,0,0,0
