[general]
path = outputs/system/

[chiplets]
chiplet_count = 7
widths = 	11,	13,	27,	30,	6,	11,	23
heights = 	9,	12,	29,	25,	6,	9,	27
powers = 	160,	56,	97,	41,	114,	60,	10
target_reward = 0
connections = 0,	0,	0,	0,	0,	512,	1024;
			0,	0,	0,	0,	128,	1024,	256;
			0,	0,	0,	512,	512,	0,	0;
			0,	0,	512,	0,	1024,	512,	256;
			0,	128,	512,	1024,	0,	256,	1024;
			512,	1024,	0,	512,	256,	0,	0;
			1024,	256,	0,	256,	1024,	0,	0
u =  0, 0, 1, 1, 1, 2, 2, 3, 3, 3, 3, 4, 4, 4, 4, 4, 5, 5, 5, 5, 6, 6, 6, 6
v =  5, 6, 4, 5, 6, 3, 4, 2, 4, 5, 6, 1, 2, 3, 5, 6, 0, 1, 3, 4, 0, 1, 3, 4
e =  512, 1024, 128, 1024, 256, 512, 512, 512, 1024, 512, 256, 128, 512, 1024, 256, 1024, 512, 1024, 512, 256, 1024, 256, 256, 1024
x = 0,0,0,0,0,0,0
y = 0,0,0,0,0,0,0
