[general]
path = outputs/system/

[chiplets]
chiplet_count = 9
widths = 	29,	20,	21,	15,	10,	22,	20,	22,	15
heights = 	25,	20,	19,	12,	12,	26,	23,	25,	14
powers = 	109,	147,	50,	1,	68,	125,	50,	135,	187
target_reward = 0
connections = 0,	0,	0,	0,	512,	0,	0,	0,	128;
			0,	0,	512,	128,	0,	0,	0,	1024,	0;
			0,	512,	0,	128,	0,	0,	0,	0,	0;
			0,	128,	128,	0,	0,	0,	0,	0,	1024;
			512,	0,	0,	0,	0,	0,	0,	0,	1024;
			0,	0,	0,	0,	0,	0,	128,	1024,	0;
			0,	0,	0,	0,	0,	128,	0,	128,	256;
			0,	1024,	0,	0,	0,	1024,	128,	0,	0;
			128,	0,	0,	1024,	1024,	0,	256,	0,	0
u =  0, 0, 1, 1, 1, 2, 2, 3, 3, 3, 4, 4, 5, 5, 6, 6, 6, 7, 7, 7, 8, 8, 8, 8
v =  4, 8, 2, 3, 7, 1, 3, 1, 2, 8, 0, 8, 6, 7, 5, 7, 8, 1, 5, 6, 0, 3, 4, 6
e =  512, 128, 512, 128, 1024, 512, 128, 128, 128, 1024, 512, 1024, 128, 1024, 128, 128, 256, 1024, 1024, 128, 128, 1024, 1024, 256
x = 0,0,0,0,0,0,0,0,0
y = 0,0,0,0,0,0,0,0,0
