[general]
path = outputs/system/

[chiplets]
chiplet_count = 9
widths = 	23,	5,	22,	25,	30,	19,	14,	21,	18
heights = 	27,	6,	20,	29,	27,	21,	13,	24,	20
powers = 	84,	108,	188,	103,	152,	2,	50,	159,	143
target_reward = 0
connections = 0,	128,	512,	0,	0,	0,	0,	256,	0;
			128,	0,	0,	512,	0,	0,	0,	0,	128;
			512,	0,	0,	0,	0,	0,	1024,	0,	0;
			0,	512,	0,	0,	1024,	256,	128,	512,	0;
			0,	0,	0,	1024,	0,	512,	0,	256,	0;
			0,	0,	0,	256,	512,	0,	128,	256,	0;
			0,	0,	1024,	128,	0,	128,	0,	1024,	0;
			256,	0,	0,	512,	256,	256,	1024,	0,	256;
			0,	128,	0,	0,	0,	0,	0,	256,	0
u =  0, 0, 0, 1, 1, 1, 2, 2, 3, 3, 3, 3, 3, 4, 4, 4, 5, 5, 5, 5, 6, 6, 6, 6, 7, 7, 7, 7, 7, 7, 8, 8
v =  1, 2, 7, 0, 3, 8, 0, 6, 1, 4, 5, 6, 7, 3, 5, 7, 3, 4, 6, 7, 2, 3, 5, 7, 0, 3, 4, 5, 6, 8, 1, 7
e =  128, 512, 256, 128, 512, 128, 512, 1024, 512, 1024, 256, 128, 512, 1024, 512, 256, 256, 512, 128, 256, 1024, 128, 128, 1024, 256, 512, 256, 256, 1024, 256, 128, 256
x = 0,0,0,0,0,0,0,0,0
y = 0,0,0,0,0,0,0,0,0
