[general]
path = outputs/system/

[chiplets]
chiplet_count = 11
widths = 	20,	23,	25,	20,	12,	19,	24,	15,	13,	26,	22
heights = 	22,	23,	29,	25,	12,	21,	27,	13,	11,	21,	22
powers = 	7,	110,	171,	155,	119,	53,	97,	158,	24,	176,	104
target_reward = 0
connections = 0,	0,	0,	0,	0,	0,	512,	0,	1024,	0,	1024;
			0,	0,	0,	1024,	0,	0,	0,	0,	256,	256,	0;
			0,	0,	0,	0,	128,	256,	0,	0,	1024,	0,	0;
			0,	1024,	0,	0,	0,	0,	1024,	512,	1024,	0,	0;
			0,	0,	128,	0,	0,	512,	512,	256,	0,	0,	0;
			0,	0,	256,	0,	512,	0,	1024,	0,	0,	512,	0;
			512,	0,	0,	1024,	512,	1024,	0,	0,	0,	0,	1024;
			0,	0,	0,	512,	256,	0,	0,	0,	0,	256,	512;
			1024,	256,	1024,	1024,	0,	0,	0,	0,	0,	0,	0;
			0,	256,	0,	0,	0,	512,	0,	256,	0,	0,	0;
			1024,	0,	0,	0,	0,	0,	1024,	512,	0,	0,	0
u =  0, 0, 0, 1, 1, 1, 2, 2, 2, 3, 3, 3, 3, 4, 4, 4, 4, 5, 5, 5, 5, 6, 6, 6, 6, 6, 7, 7, 7, 7, 8, 8, 8, 8, 9, 9, 9, 10, 10, 10
v =  6, 8, 10, 3, 8, 9, 4, 5, 8, 1, 6, 7, 8, 2, 5, 6, 7, 2, 4, 6, 9, 0, 3, 4, 5, 10, 3, 4, 9, 10, 0, 1, 2, 3, 1, 5, 7, 0, 6, 7
e =  512, 1024, 1024, 1024, 256, 256, 128, 256, 1024, 1024, 1024, 512, 1024, 128, 512, 512, 256, 256, 512, 1024, 512, 512, 1024, 512, 1024, 1024, 512, 256, 256, 512, 1024, 256, 1024, 1024, 256, 512, 256, 1024, 1024, 512
x = 0,0,0,0,0,0,0,0,0,0,0
y = 0,0,0,0,0,0,0,0,0,0,0
