[general]
path = outputs/system/

[chiplets]
chiplet_count = 8
widths = 	14,	18,	16,	20,	20,	24,	24,	4
heights = 	15,	15,	18,	17,	23,	20,	26,	4
powers = 	40,	84,	53,	62,	27,	181,	13,	56
target_reward = 0
connections = 0,	0,	0,	0,	0,	1024,	0,	0;
			0,	0,	128,	1024,	512,	0,	128,	1024;
			0,	128,	0,	1024,	256,	0,	0,	0;
			0,	1024,	1024,	0,	128,	0,	0,	512;
			0,	512,	256,	128,	0,	256,	128,	0;
			1024,	0,	0,	0,	256,	0,	0,	128;
			0,	128,	0,	0,	128,	0,	0,	0;
			0,	1024,	0,	512,	0,	128,	0,	0
u =  0, 1, 1, 1, 1, 1, 2, 2, 2, 3, 3, 3, 3, 4, 4, 4, 4, 4, 5, 5, 5, 6, 6, 7, 7, 7
v =  5, 2, 3, 4, 6, 7, 1, 3, 4, 1, 2, 4, 7, 1, 2, 3, 5, 6, 0, 4, 7, 1, 4, 1, 3, 5
e =  1024, 128, 1024, 512, 128, 1024, 128, 1024, 256, 1024, 1024, 128, 512, 512, 256, 128, 256, 128, 1024, 256, 128, 128, 128, 1024, 512, 128
x = 0,0,0,0,0,0,0,0
y = 0,0,0,0,0,0,0,0
