[general]
path = outputs/system/

[chiplets]
chiplet_count = 9
widths = 	25,	17,	17,	17,	23,	10,	16,	17,	11
heights = 	27,	17,	15,	17,	28,	12,	18,	17,	11
powers = 	164,	29,	81,	185,	152,	144,	144,	41,	82
target_reward = 0
connections = 0,	512,	512,	0,	128,	0,	0,	1024,	0;
			512,	0,	1024,	0,	0,	0,	1024,	0,	0;
			512,	1024,	0,	256,	0,	1024,	0,	0,	256;
			0,	0,	256,	0,	0,	0,	0,	0,	128;
			128,	0,	0,	0,	0,	128,	0,	0,	128;
			0,	0,	1024,	0,	128,	0,	128,	128,	0;
			0,	1024,	0,	0,	0,	128,	0,	1024,	128;
			1024,	0,	0,	0,	0,	128,	1024,	0,	0;
			0,	0,	256,	128,	128,	0,	128,	0,	0
u =  0, 0, 0, 0, 1, 1, 1, 2, 2, 2, 2, 2, 3, 3, 4, 4, 4, 5, 5, 5, 5, 6, 6, 6, 6, 7, 7, 7, 8, 8, 8, 8
v =  1, 2, 4, 7, 0, 2, 6, 0, 1, 3, 5, 8, 2, 8, 0, 5, 8, 2, 4, 6, 7, 1, 5, 7, 8, 0, 5, 6, 2, 3, 4, 6
e =  512, 512, 128, 1024, 512, 1024, 1024, 512, 1024, 256, 1024, 256, 256, 128, 128, 128, 128, 1024, 128, 128, 128, 1024, 128, 1024, 128, 1024, 128, 1024, 256, 128, 128, 128
x = 0,0,0,0,0,0,0,0,0
y = 0,0,0,0,0,0,0,0,0
