[general]
path = outputs/system/

[chiplets]
chiplet_count = 7
widths = 	20,	17,	28,	18,	10,	23,	5
heights = 	21,	14,	26,	22,	9,	21,	5
powers = 	68,	36,	181,	54,	165,	14,	186
target_reward = 0
connections = 0,	0,	0,	0,	0,	256,	256;
			0,	0,	512,	256,	1024,	256,	0;
			0,	512,	0,	512,	0,	0,	0;
			0,	256,	512,	0,	0,	1024,	512;
			0,	1024,	0,	0,	0,	256,	1024;
			256,	256,	0,	1024,	256,	0,	1024;
			256,	0,	0,	512,	1024,	1024,	0
u =  0, 0, 1, 1, 1, 1, 2, 2, 3, 3, 3, 3, 4, 4, 4, 5, 5, 5, 5, 5, 6, 6, 6, 6
v =  5, 6, 2, 3, 4, 5, 1, 3, 1, 2, 5, 6, 1, 5, 6, 0, 1, 3, 4, 6, 0, 3, 4, 5
e =  256, 256, 512, 256, 1024, 256, 512, 512, 256, 512, 1024, 512, 1024, 256, 1024, 256, 256, 1024, 256, 1024, 256, 512, 1024, 1024
x = 0,0,0,0,0,0,0
y = 0,0,0,0,0,0,0
