[general]
path = outputs/system/

[chiplets]
chiplet_count = 10
widths = 	25,	27,	13,	21,	13,	19,	9,	28,	12,	21
heights = 	26,	22,	12,	26,	15,	20,	8,	24,	11,	20
powers = 	55,	187,	85,	55,	81,	49,	11,	16,	46,	127
target_reward = 0
connections = 0,	0,	0,	0,	256,	0,	512,	256,	0,	0;
			0,	0,	0,	256,	0,	512,	0,	0,	0,	0;
			0,	0,	0,	128,	512,	0,	0,	0,	0,	0;
			0,	256,	128,	0,	512,	128,	0,	0,	0,	0;
			256,	0,	512,	512,	0,	128,	256,	128,	0,	256;
			0,	512,	0,	128,	128,	0,	0,	0,	0,	0;
			512,	0,	0,	0,	256,	0,	0,	256,	0,	0;
			256,	0,	0,	0,	128,	0,	256,	0,	128,	1024;
			0,	0,	0,	0,	0,	0,	0,	128,	0,	0;
			0,	0,	0,	0,	256,	0,	0,	1024,	0,	0
u =  0, 0, 0, 1, 1, 2, 2, 3, 3, 3, 3, 4, 4, 4, 4, 4, 4, 4, 5, 5, 5, 6, 6, 6, 7, 7, 7, 7, 7, 8, 9, 9
v =  4, 6, 7, 3, 5, 3, 4, 1, 2, 4, 5, 0, 2, 3, 5, 6, 7, 9, 1, 3, 4, 0, 4, 7, 0, 4, 6, 8, 9, 7, 4, 7
e =  256, 512, 256, 256, 512, 128, 512, 256, 128, 512, 128, 256, 512, 512, 128, 256, 128, 256, 512, 128, 128, 512, 256, 256, 256, 128, 256, 128, 1024, 128, 256, 1024
x = 0,0,0,0,0,0,0,0,0,0
y = 0,0,0,0,0,0,0,0,0,0
