[general]
path = outputs/system/

[chiplets]
chiplet_count = 9
widths = 	17,	17,	14,	9,	15,	23,	16,	29,	28
heights = 	20,	18,	14,	8,	18,	27,	20,	29,	29
powers = 	133,	24,	165,	126,	28,	162,	9,	48,	53
target_reward = 0
connections = 0,	0,	256,	128,	0,	0,	0,	0,	256;
			0,	0,	0,	256,	256,	512,	0,	0,	0;
			256,	0,	0,	0,	0,	512,	512,	0,	512;
			128,	256,	0,	0,	512,	256,	256,	256,	0;
			0,	256,	0,	512,	0,	1024,	0,	1024,	0;
			0,	512,	512,	256,	1024,	0,	128,	0,	1024;
			0,	0,	512,	256,	0,	128,	0,	128,	128;
			0,	0,	0,	256,	1024,	0,	128,	0,	256;
			256,	0,	512,	0,	0,	1024,	128,	256,	0
u =  0, 0, 0, 1, 1, 1, 2, 2, 2, 2, 3, 3, 3, 3, 3, 3, 4, 4, 4, 4, 5, 5, 5, 5, 5, 5, 6, 6, 6, 6, 6, 7, 7, 7, 7, 8, 8, 8, 8, 8
v =  2, 3, 8, 3, 4, 5, 0, 5, 6, 8, 0, 1, 4, 5, 6, 7, 1, 3, 5, 7, 1, 2, 3, 4, 6, 8, 2, 3, 5, 7, 8, 3, 4, 6, 8, 0, 2, 5, 6, 7
e =  256, 128, 256, 256, 256, 512, 256, 512, 512, 512, 128, 256, 512, 256, 256, 256, 256, 512, 1024, 1024, 512, 512, 256, 1024, 128, 1024, 512, 256, 128, 128, 128, 256, 1024, 128, 256, 256, 512, 1024, 128, 256
x = 0,0,0,0,0,0,0,0,0
y = 0,0,0,0,0,0,0,0,0
