[general]
path = outputs/system/

[chiplets]
chiplet_count = 7
widths = 	28,	20,	21,	13,	17,	27,	25
heights = 	29,	25,	21,	16,	18,	27,	20
powers = 	162,	41,	36,	73,	167,	72,	11
target_reward = 0
connections = 0,	256,	1024,	0,	0,	1024,	1024;
			256,	0,	256,	128,	256,	0,	128;
			1024,	256,	0,	256,	1024,	0,	0;
			0,	128,	256,	0,	0,	256,	512;
			0,	256,	1024,	0,	0,	128,	0;
			1024,	0,	0,	256,	128,	0,	512;
			1024,	128,	0,	512,	0,	512,	0
u =  0, 0, 0, 0, 1, 1, 1, 1, 1, 2, 2, 2, 2, 3, 3, 3, 3, 4, 4, 4, 5, 5, 5, 5, 6, 6, 6, 6
v =  1, 2, 5, 6, 0, 2, 3, 4, 6, 0, 1, 3, 4, 1, 2, 5, 6, 1, 2, 5, 0, 3, 4, 6, 0, 1, 3, 5
e =  256, 1024, 1024, 1024, 256, 256, 128, 256, 128, 1024, 256, 256, 1024, 128, 256, 256, 512, 256, 1024, 128, 1024, 256, 128, 512, 1024, 128, 512, 512
x = 0,0,0,0,0,0,0
y = 0,0,0,0,0,0,0
