[general]
path = outputs/system/

[chiplets]
chiplet_count = 11
widths = 	21,	24,	20,	18,	21,	22,	29,	15,	17,	23,	18
heights = 	19,	26,	24,	17,	18,	24,	26,	13,	14,	25,	15
powers = 	7,	3,	112,	160,	30,	118,	119,	1,	172,	159,	98
target_reward = 0
connections = 0,	0,	0,	0,	128,	0,	0,	0,	0,	0,	1024;
			0,	0,	128,	512,	0,	256,	0,	0,	0,	0,	0;
			0,	128,	0,	1024,	0,	0,	128,	0,	0,	512,	256;
			0,	512,	1024,	0,	0,	512,	256,	0,	0,	0,	0;
			128,	0,	0,	0,	0,	0,	0,	0,	0,	512,	256;
			0,	256,	0,	512,	0,	0,	0,	0,	0,	0,	0;
			0,	0,	128,	256,	0,	0,	0,	256,	1024,	0,	128;
			0,	0,	0,	0,	0,	0,	256,	0,	128,	0,	0;
			0,	0,	0,	0,	0,	0,	1024,	128,	0,	0,	128;
			0,	0,	512,	0,	512,	0,	0,	0,	0,	0,	128;
			1024,	0,	256,	0,	256,	0,	128,	0,	128,	128,	0
u =  0, 0, 1, 1, 1, 2, 2, 2, 2, 2, 3, 3, 3, 3, 4, 4, 4, 5, 5, 6, 6, 6, 6, 6, 7, 7, 8, 8, 8, 9, 9, 9, 10, 10, 10, 10, 10, 10
v =  4, 10, 2, 3, 5, 1, 3, 6, 9, 10, 1, 2, 5, 6, 0, 9, 10, 1, 3, 2, 3, 7, 8, 10, 6, 8, 6, 7, 10, 2, 4, 10, 0, 2, 4, 6, 8, 9
e =  128, 1024, 128, 512, 256, 128, 1024, 128, 512, 256, 512, 1024, 512, 256, 128, 512, 256, 256, 512, 128, 256, 256, 1024, 128, 256, 128, 1024, 128, 128, 512, 512, 128, 1024, 256, 256, 128, 128, 128
x = 0,0,0,0,0,0,0,0,0,0,0
y = 0,0,0,0,0,0,0,0,0,0,0
