[general]
path = outputs/system/

[chiplets]
chiplet_count = 8
widths = 	21,	26,	16,	24,	28,	5,	24,	12
heights = 	25,	25,	20,	20,	24,	5,	26,	11
powers = 	46,	165,	126,	176,	128,	104,	56,	52
target_reward = 0
connections = 0,	1024,	0,	0,	0,	0,	0,	0;
			1024,	0,	256,	1024,	0,	0,	0,	512;
			0,	256,	0,	1024,	0,	0,	512,	0;
			0,	1024,	1024,	0,	0,	0,	0,	0;
			0,	0,	0,	0,	0,	512,	512,	512;
			0,	0,	0,	0,	512,	0,	128,	512;
			0,	0,	512,	0,	512,	128,	0,	128;
			0,	512,	0,	0,	512,	512,	128,	0
u =  0, 1, 1, 1, 1, 2, 2, 2, 3, 3, 4, 4, 4, 5, 5, 5, 6, 6, 6, 6, 7, 7, 7, 7
v =  1, 0, 2, 3, 7, 1, 3, 6, 1, 2, 5, 6, 7, 4, 6, 7, 2, 4, 5, 7, 1, 4, 5, 6
e =  1024, 1024, 256, 1024, 512, 256, 1024, 512, 1024, 1024, 512, 512, 512, 512, 128, 512, 512, 512, 128, 128, 512, 512, 512, 128
x = 0,0,0,0,0,0,0,0
y = 0,0,0,0,0,0,0,0
