[general]
path = outputs/system/

[chiplets]
chiplet_count = 9
widths = 	29,	25,	23,	22,	21,	5,	6,	3,	15
heights = 	29,	29,	25,	18,	20,	4,	7,	3,	16
powers = 	77,	128,	70,	147,	25,	29,	196,	182,	186
target_reward = 0
connections = 0,	512,	0,	128,	0,	128,	0,	256,	0;
			512,	0,	0,	0,	256,	0,	128,	256,	0;
			0,	0,	0,	0,	512,	128,	0,	0,	0;
			128,	0,	0,	0,	0,	0,	128,	0,	0;
			0,	256,	512,	0,	0,	0,	0,	512,	1024;
			128,	0,	128,	0,	0,	0,	512,	512,	0;
			0,	128,	0,	128,	0,	512,	0,	256,	128;
			256,	256,	0,	0,	512,	512,	256,	0,	1024;
			0,	0,	0,	0,	1024,	0,	128,	1024,	0
u =  0, 0, 0, 0, 1, 1, 1, 1, 2, 2, 3, 3, 4, 4, 4, 4, 5, 5, 5, 5, 6, 6, 6, 6, 6, 7, 7, 7, 7, 7, 7, 8, 8, 8
v =  1, 3, 5, 7, 0, 4, 6, 7, 4, 5, 0, 6, 1, 2, 7, 8, 0, 2, 6, 7, 1, 3, 5, 7, 8, 0, 1, 4, 5, 6, 8, 4, 6, 7
e =  512, 128, 128, 256, 512, 256, 128, 256, 512, 128, 128, 128, 256, 512, 512, 1024, 128, 128, 512, 512, 128, 128, 512, 256, 128, 256, 256, 512, 512, 256, 1024, 1024, 128, 1024
x = 0,0,0,0,0,0,0,0,0
y = 0,0,0,0,0,0,0,0,0
