[general]
path = outputs/system/

[chiplets]
chiplet_count = 9
widths = 	25,	7,	10,	30,	15,	20,	16,	19,	29
heights = 	24,	7,	10,	24,	15,	16,	16,	19,	27
powers = 	140,	175,	30,	110,	31,	84,	152,	19,	44
target_reward = 0
connections = 0,	128,	512,	128,	0,	128,	0,	0,	0;
			128,	0,	512,	1024,	0,	1024,	512,	0,	0;
			512,	512,	0,	1024,	128,	256,	0,	0,	0;
			128,	1024,	1024,	0,	512,	0,	256,	128,	0;
			0,	0,	128,	512,	0,	0,	0,	1024,	0;
			128,	1024,	256,	0,	0,	0,	0,	1024,	0;
			0,	512,	0,	256,	0,	0,	0,	0,	0;
			0,	0,	0,	128,	1024,	1024,	0,	0,	1024;
			0,	0,	0,	0,	0,	0,	0,	1024,	0
u =  0, 0, 0, 0, 1, 1, 1, 1, 1, 2, 2, 2, 2, 2, 3, 3, 3, 3, 3, 3, 4, 4, 4, 5, 5, 5, 5, 6, 6, 7, 7, 7, 7, 8
v =  1, 2, 3, 5, 0, 2, 3, 5, 6, 0, 1, 3, 4, 5, 0, 1, 2, 4, 6, 7, 2, 3, 7, 0, 1, 2, 7, 1, 3, 3, 4, 5, 8, 7
e =  128, 512, 128, 128, 128, 512, 1024, 1024, 512, 512, 512, 1024, 128, 256, 128, 1024, 1024, 512, 256, 128, 128, 512, 1024, 128, 1024, 256, 1024, 512, 256, 128, 1024, 1024, 1024, 1024
x = 0,0,0,0,0,0,0,0,0
y = 0,0,0,0,0,0,0,0,0
