[general]
path = outputs/system/

[chiplets]
chiplet_count = 8
widths = 	30,	3,	23,	24,	17,	30,	20,	28
heights = 	24,	3,	28,	29,	17,	30,	17,	27
powers = 	52,	9,	113,	143,	108,	144,	65,	133
target_reward = 0
connections = 0,	0,	512,	0,	0,	128,	0,	512;
			0,	0,	0,	0,	0,	128,	0,	512;
			512,	0,	0,	0,	0,	128,	0,	1024;
			0,	0,	0,	0,	1024,	256,	0,	0;
			0,	0,	0,	1024,	0,	512,	0,	0;
			128,	128,	128,	256,	512,	0,	512,	128;
			0,	0,	0,	0,	0,	512,	0,	512;
			512,	512,	1024,	0,	0,	128,	512,	0
u =  0, 0, 0, 1, 1, 2, 2, 2, 3, 3, 4, 4, 5, 5, 5, 5, 5, 5, 5, 6, 6, 7, 7, 7, 7, 7
v =  2, 5, 7, 5, 7, 0, 5, 7, 4, 5, 3, 5, 0, 1, 2, 3, 4, 6, 7, 5, 7, 0, 1, 2, 5, 6
e =  512, 128, 512, 128, 512, 512, 128, 1024, 1024, 256, 1024, 512, 128, 128, 128, 256, 512, 512, 128, 512, 512, 512, 512, 1024, 128, 512
x = 0,0,0,0,0,0,0,0
y = 0,0,0,0,0,0,0,0
