[general]
path = outputs/system/

[chiplets]
chiplet_count = 9
widths = 	24,	4,	30,	29,	29,	12,	30,	27,	29
heights = 	24,	4,	28,	30,	25,	12,	27,	22,	30
powers = 	45,	55,	7,	74,	80,	103,	72,	107,	102
target_reward = 0
connections = 0,	0,	0,	0,	0,	128,	0,	0,	0;
			0,	0,	256,	256,	0,	128,	256,	0,	0;
			0,	256,	0,	512,	256,	128,	128,	0,	256;
			0,	256,	512,	0,	1024,	0,	0,	0,	0;
			0,	0,	256,	1024,	0,	512,	512,	0,	0;
			128,	128,	128,	0,	512,	0,	1024,	0,	0;
			0,	256,	128,	0,	512,	1024,	0,	256,	0;
			0,	0,	0,	0,	0,	0,	256,	0,	0;
			0,	0,	256,	0,	0,	0,	0,	0,	0
u =  0, 1, 1, 1, 1, 2, 2, 2, 2, 2, 2, 3, 3, 3, 4, 4, 4, 4, 5, 5, 5, 5, 5, 6, 6, 6, 6, 6, 7, 8
v =  5, 2, 3, 5, 6, 1, 3, 4, 5, 6, 8, 1, 2, 4, 2, 3, 5, 6, 0, 1, 2, 4, 6, 1, 2, 4, 5, 7, 6, 2
e =  128, 256, 256, 128, 256, 256, 512, 256, 128, 128, 256, 256, 512, 1024, 256, 1024, 512, 512, 128, 128, 128, 512, 1024, 256, 128, 512, 1024, 256, 256, 256
x = 0,0,0,0,0,0,0,0,0
y = 0,0,0,0,0,0,0,0,0
