[general]
path = outputs/system/

[chiplets]
chiplet_count = 10
widths = 	26,	20,	14,	19,	28,	26,	20,	16,	4,	27
heights = 	27,	17,	16,	16,	30,	25,	22,	13,	4,	29
powers = 	86,	193,	167,	126,	139,	150,	67,	52,	200,	112
target_reward = 0
connections = 0,	0,	0,	0,	0,	0,	0,	0,	256,	0;
			0,	0,	512,	1024,	0,	0,	128,	1024,	0,	0;
			0,	512,	0,	0,	0,	0,	0,	1024,	128,	0;
			0,	1024,	0,	0,	128,	1024,	0,	0,	0,	128;
			0,	0,	0,	128,	0,	512,	0,	1024,	0,	0;
			0,	0,	0,	1024,	512,	0,	0,	512,	0,	0;
			0,	128,	0,	0,	0,	0,	0,	1024,	1024,	0;
			0,	1024,	1024,	0,	1024,	512,	1024,	0,	256,	0;
			256,	0,	128,	0,	0,	0,	1024,	256,	0,	128;
			0,	0,	0,	128,	0,	0,	0,	0,	128,	0
u =  0, 1, 1, 1, 1, 2, 2, 2, 3, 3, 3, 3, 4, 4, 4, 5, 5, 5, 6, 6, 6, 7, 7, 7, 7, 7, 7, 8, 8, 8, 8, 8, 9, 9
v =  8, 2, 3, 6, 7, 1, 7, 8, 1, 4, 5, 9, 3, 5, 7, 3, 4, 7, 1, 7, 8, 1, 2, 4, 5, 6, 8, 0, 2, 6, 7, 9, 3, 8
e =  256, 512, 1024, 128, 1024, 512, 1024, 128, 1024, 128, 1024, 128, 128, 512, 1024, 1024, 512, 512, 128, 1024, 1024, 1024, 1024, 1024, 512, 1024, 256, 256, 128, 1024, 256, 128, 128, 128
x = 0,0,0,0,0,0,0,0,0,0
y = 0,0,0,0,0,0,0,0,0,0
