[general]
path = outputs/system/

[chiplets]
chiplet_count = 9
widths = 	19,	29,	23,	24,	18,	7,	28,	18,	24
heights = 	22,	25,	25,	20,	17,	6,	29,	17,	20
powers = 	187,	1,	70,	81,	22,	104,	150,	139,	33
target_reward = 0
connections = 0,	512,	0,	256,	0,	512,	0,	512,	512;
			512,	0,	0,	0,	0,	0,	1024,	1024,	1024;
			0,	0,	0,	256,	0,	0,	0,	0,	0;
			256,	0,	256,	0,	256,	128,	0,	0,	0;
			0,	0,	0,	256,	0,	512,	256,	512,	0;
			512,	0,	0,	128,	512,	0,	128,	1024,	512;
			0,	1024,	0,	0,	256,	128,	0,	0,	512;
			512,	1024,	0,	0,	512,	1024,	0,	0,	0;
			512,	1024,	0,	0,	0,	512,	512,	0,	0
u =  0, 0, 0, 0, 0, 1, 1, 1, 1, 2, 3, 3, 3, 3, 4, 4, 4, 4, 5, 5, 5, 5, 5, 5, 6, 6, 6, 6, 7, 7, 7, 7, 8, 8, 8, 8
v =  1, 3, 5, 7, 8, 0, 6, 7, 8, 3, 0, 2, 4, 5, 3, 5, 6, 7, 0, 3, 4, 6, 7, 8, 1, 4, 5, 8, 0, 1, 4, 5, 0, 1, 5, 6
e =  512, 256, 512, 512, 512, 512, 1024, 1024, 1024, 256, 256, 256, 256, 128, 256, 512, 256, 512, 512, 128, 512, 128, 1024, 512, 1024, 256, 128, 512, 512, 1024, 512, 1024, 512, 1024, 512, 512
x = 0,0,0,0,0,0,0,0,0
y = 0,0,0,0,0,0,0,0,0
