[general]
path = outputs/system/

[chiplets]
chiplet_count = 10
widths = 	20,	14,	28,	24,	22,	7,	22,	16,	6,	21
heights = 	18,	14,	24,	20,	24,	6,	24,	14,	6,	19
powers = 	9,	120,	195,	145,	141,	108,	119,	165,	28,	21
target_reward = 0
connections = 0,	256,	0,	0,	0,	256,	0,	0,	0,	0;
			256,	0,	0,	128,	256,	256,	512,	0,	0,	0;
			0,	0,	0,	512,	1024,	0,	0,	0,	0,	256;
			0,	128,	512,	0,	128,	128,	0,	0,	128,	0;
			0,	256,	1024,	128,	0,	128,	128,	0,	0,	256;
			256,	256,	0,	128,	128,	0,	0,	0,	1024,	0;
			0,	512,	0,	0,	128,	0,	0,	256,	512,	0;
			0,	0,	0,	0,	0,	0,	256,	0,	256,	0;
			0,	0,	0,	128,	0,	1024,	512,	256,	0,	0;
			0,	0,	256,	0,	256,	0,	0,	0,	0,	0
u =  0, 0, 1, 1, 1, 1, 1, 2, 2, 2, 3, 3, 3, 3, 3, 4, 4, 4, 4, 4, 4, 5, 5, 5, 5, 5, 6, 6, 6, 6, 7, 7, 8, 8, 8, 8, 9, 9
v =  1, 5, 0, 3, 4, 5, 6, 3, 4, 9, 1, 2, 4, 5, 8, 1, 2, 3, 5, 6, 9, 0, 1, 3, 4, 8, 1, 4, 7, 8, 6, 8, 3, 5, 6, 7, 2, 4
e =  256, 256, 256, 128, 256, 256, 512, 512, 1024, 256, 128, 512, 128, 128, 128, 256, 1024, 128, 128, 128, 256, 256, 256, 128, 128, 1024, 512, 128, 256, 512, 256, 256, 128, 1024, 512, 256, 256, 256
x = 0,0,0,0,0,0,0,0,0,0
y = 0,0,0,0,0,0,0,0,0,0
