[general]
path = outputs/system/

[chiplets]
chiplet_count = 9
widths = 	23,	24,	27,	18,	19,	24,	14,	13,	20
heights = 	20,	21,	25,	21,	21,	22,	13,	13,	21
powers = 	105,	18,	105,	107,	47,	111,	104,	20,	53
target_reward = 0
connections = 0,	0,	0,	0,	512,	128,	0,	1024,	0;
			0,	0,	1024,	0,	512,	0,	0,	0,	0;
			0,	1024,	0,	512,	0,	256,	1024,	0,	0;
			0,	0,	512,	0,	0,	0,	0,	512,	512;
			512,	512,	0,	0,	0,	512,	0,	128,	0;
			128,	0,	256,	0,	512,	0,	128,	512,	0;
			0,	0,	1024,	0,	0,	128,	0,	512,	256;
			1024,	0,	0,	512,	128,	512,	512,	0,	256;
			0,	0,	0,	512,	0,	0,	256,	256,	0
u =  0, 0, 0, 1, 1, 2, 2, 2, 2, 3, 3, 3, 4, 4, 4, 4, 5, 5, 5, 5, 5, 6, 6, 6, 6, 7, 7, 7, 7, 7, 7, 8, 8, 8
v =  4, 5, 7, 2, 4, 1, 3, 5, 6, 2, 7, 8, 0, 1, 5, 7, 0, 2, 4, 6, 7, 2, 5, 7, 8, 0, 3, 4, 5, 6, 8, 3, 6, 7
e =  512, 128, 1024, 1024, 512, 1024, 512, 256, 1024, 512, 512, 512, 512, 512, 512, 128, 128, 256, 512, 128, 512, 1024, 128, 512, 256, 1024, 512, 128, 512, 512, 256, 512, 256, 256
x = 0,0,0,0,0,0,0,0,0
y = 0,0,0,0,0,0,0,0,0
