[general]
path = outputs/system/

[chiplets]
chiplet_count = 9
widths = 	18,	19,	6,	18,	13,	22,	23,	11,	17
heights = 	19,	21,	6,	15,	14,	27,	20,	10,	14
powers = 	93,	10,	98,	26,	7,	27,	14,	174,	190
target_reward = 0
connections = 0,	0,	512,	0,	0,	0,	0,	512,	256;
			0,	0,	128,	0,	512,	0,	0,	0,	0;
			512,	128,	0,	256,	0,	0,	0,	0,	0;
			0,	0,	256,	0,	0,	512,	0,	128,	256;
			0,	512,	0,	0,	0,	512,	128,	0,	0;
			0,	0,	0,	512,	512,	0,	128,	0,	0;
			0,	0,	0,	0,	128,	128,	0,	1024,	256;
			512,	0,	0,	128,	0,	0,	1024,	0,	128;
			256,	0,	0,	256,	0,	0,	256,	128,	0
u =  0, 0, 0, 1, 1, 2, 2, 2, 3, 3, 3, 3, 4, 4, 4, 5, 5, 5, 6, 6, 6, 6, 7, 7, 7, 7, 8, 8, 8, 8
v =  2, 7, 8, 2, 4, 0, 1, 3, 2, 5, 7, 8, 1, 5, 6, 3, 4, 6, 4, 5, 7, 8, 0, 3, 6, 8, 0, 3, 6, 7
e =  512, 512, 256, 128, 512, 512, 128, 256, 256, 512, 128, 256, 512, 512, 128, 512, 512, 128, 128, 128, 1024, 256, 512, 128, 1024, 128, 256, 256, 256, 128
x = 0,0,0,0,0,0,0,0,0
y = 0,0,0,0,0,0,0,0,0
