[general]
path = outputs/system/

[chiplets]
chiplet_count = 10
widths = 	21,	12,	15,	22,	29,	24,	23,	19,	15,	16
heights = 	24,	10,	16,	24,	26,	30,	22,	22,	18,	16
powers = 	179,	171,	39,	181,	4,	200,	168,	46,	159,	180
target_reward = 0
connections = 0,	256,	0,	0,	1024,	0,	256,	256,	0,	128;
			256,	0,	128,	0,	0,	1024,	128,	128,	0,	0;
			0,	128,	0,	1024,	256,	128,	512,	0,	0,	256;
			0,	0,	1024,	0,	256,	0,	0,	128,	0,	0;
			1024,	0,	256,	256,	0,	0,	0,	0,	0,	0;
			0,	1024,	128,	0,	0,	0,	256,	128,	0,	0;
			256,	128,	512,	0,	0,	256,	0,	1024,	512,	0;
			256,	128,	0,	128,	0,	128,	1024,	0,	0,	0;
			0,	0,	0,	0,	0,	0,	512,	0,	0,	0;
			128,	0,	256,	0,	0,	0,	0,	0,	0,	0
u =  0, 0, 0, 0, 0, 1, 1, 1, 1, 1, 2, 2, 2, 2, 2, 2, 3, 3, 3, 4, 4, 4, 5, 5, 5, 5, 6, 6, 6, 6, 6, 6, 7, 7, 7, 7, 7, 8, 9, 9
v =  1, 4, 6, 7, 9, 0, 2, 5, 6, 7, 1, 3, 4, 5, 6, 9, 2, 4, 7, 0, 2, 3, 1, 2, 6, 7, 0, 1, 2, 5, 7, 8, 0, 1, 3, 5, 6, 6, 0, 2
e =  256, 1024, 256, 256, 128, 256, 128, 1024, 128, 128, 128, 1024, 256, 128, 512, 256, 1024, 256, 128, 1024, 256, 256, 1024, 128, 256, 128, 256, 128, 512, 256, 1024, 512, 256, 128, 128, 128, 1024, 512, 128, 256
x = 0,0,0,0,0,0,0,0,0,0
y = 0,0,0,0,0,0,0,0,0,0
