[general]
path = outputs/system/

[chiplets]
chiplet_count = 11
widths = 	13,	24,	22,	9,	12,	5,	22,	25,	12,	16,	22
heights = 	15,	25,	18,	8,	10,	6,	21,	25,	13,	20,	23
powers = 	139,	128,	172,	159,	41,	155,	45,	31,	54,	155,	99
target_reward = 0
connections = 0,	512,	0,	0,	0,	0,	0,	256,	0,	1024,	0;
			512,	0,	0,	0,	0,	0,	0,	128,	0,	0,	0;
			0,	0,	0,	0,	256,	1024,	128,	128,	256,	0,	512;
			0,	0,	0,	0,	512,	1024,	0,	0,	0,	0,	0;
			0,	0,	256,	512,	0,	256,	1024,	0,	0,	128,	0;
			0,	0,	1024,	1024,	256,	0,	1024,	0,	0,	0,	0;
			0,	0,	128,	0,	1024,	1024,	0,	0,	0,	0,	0;
			256,	128,	128,	0,	0,	0,	0,	0,	0,	0,	128;
			0,	0,	256,	0,	0,	0,	0,	0,	0,	1024,	0;
			1024,	0,	0,	0,	128,	0,	0,	0,	1024,	0,	256;
			0,	0,	512,	0,	0,	0,	0,	128,	0,	256,	0
u =  0, 0, 0, 1, 1, 2, 2, 2, 2, 2, 2, 3, 3, 4, 4, 4, 4, 4, 5, 5, 5, 5, 6, 6, 6, 7, 7, 7, 7, 8, 8, 9, 9, 9, 9, 10, 10, 10
v =  1, 7, 9, 0, 7, 4, 5, 6, 7, 8, 10, 4, 5, 2, 3, 5, 6, 9, 2, 3, 4, 6, 2, 4, 5, 0, 1, 2, 10, 2, 9, 0, 4, 8, 10, 2, 7, 9
e =  512, 256, 1024, 512, 128, 256, 1024, 128, 128, 256, 512, 512, 1024, 256, 512, 256, 1024, 128, 1024, 1024, 256, 1024, 128, 1024, 1024, 256, 128, 128, 128, 256, 1024, 1024, 128, 1024, 256, 512, 128, 256
x = 0,0,0,0,0,0,0,0,0,0,0
y = 0,0,0,0,0,0,0,0,0,0,0
