[general]
path = outputs/system/

[chiplets]
chiplet_count = 10
widths = 	30,	19,	26,	29,	19,	20,	29,	17,	25,	17
heights = 	30,	18,	23,	30,	16,	23,	27,	15,	30,	16
powers = 	132,	2,	4,	63,	117,	14,	157,	62,	44,	93
target_reward = 0
connections = 0,	0,	0,	0,	1024,	1024,	128,	0,	0,	0;
			0,	0,	256,	256,	128,	0,	0,	0,	0,	256;
			0,	256,	0,	0,	0,	256,	0,	0,	0,	0;
			0,	256,	0,	0,	0,	256,	256,	0,	0,	128;
			1024,	128,	0,	0,	0,	128,	128,	0,	0,	0;
			1024,	0,	256,	256,	128,	0,	1024,	0,	0,	0;
			128,	0,	0,	256,	128,	1024,	0,	0,	256,	0;
			0,	0,	0,	0,	0,	0,	0,	0,	512,	1024;
			0,	0,	0,	0,	0,	0,	256,	512,	0,	512;
			0,	256,	0,	128,	0,	0,	0,	1024,	512,	0
u =  0, 0, 0, 1, 1, 1, 1, 2, 2, 3, 3, 3, 3, 4, 4, 4, 4, 5, 5, 5, 5, 5, 6, 6, 6, 6, 6, 7, 7, 8, 8, 8, 9, 9, 9, 9
v =  4, 5, 6, 2, 3, 4, 9, 1, 5, 1, 5, 6, 9, 0, 1, 5, 6, 0, 2, 3, 4, 6, 0, 3, 4, 5, 8, 8, 9, 6, 7, 9, 1, 3, 7, 8
e =  1024, 1024, 128, 256, 256, 128, 256, 256, 256, 256, 256, 256, 128, 1024, 128, 128, 128, 1024, 256, 256, 128, 1024, 128, 256, 128, 1024, 256, 512, 1024, 256, 512, 512, 256, 128, 1024, 512
x = 0,0,0,0,0,0,0,0,0,0
y = 0,0,0,0,0,0,0,0,0,0
