[general]
path = outputs/system/

[chiplets]
chiplet_count = 9
widths = 	8,	5,	24,	6,	15,	27,	11,	20,	7
heights = 	9,	5,	29,	6,	12,	28,	9,	24,	7
powers = 	145,	116,	122,	161,	17,	70,	51,	91,	75
target_reward = 0
connections = 0,	1024,	128,	128,	0,	0,	512,	0,	256;
			1024,	0,	128,	0,	0,	1024,	0,	256,	0;
			128,	128,	0,	0,	0,	0,	0,	512,	512;
			128,	0,	0,	0,	0,	0,	128,	0,	512;
			0,	0,	0,	0,	0,	0,	1024,	1024,	0;
			0,	1024,	0,	0,	0,	0,	0,	0,	0;
			512,	0,	0,	128,	1024,	0,	0,	256,	128;
			0,	256,	512,	0,	1024,	0,	256,	0,	1024;
			256,	0,	512,	512,	0,	0,	128,	1024,	0
u =  0, 0, 0, 0, 0, 1, 1, 1, 1, 2, 2, 2, 2, 3, 3, 3, 4, 4, 5, 6, 6, 6, 6, 6, 7, 7, 7, 7, 7, 8, 8, 8, 8, 8
v =  1, 2, 3, 6, 8, 0, 2, 5, 7, 0, 1, 7, 8, 0, 6, 8, 6, 7, 1, 0, 3, 4, 7, 8, 1, 2, 4, 6, 8, 0, 2, 3, 6, 7
e =  1024, 128, 128, 512, 256, 1024, 128, 1024, 256, 128, 128, 512, 512, 128, 128, 512, 1024, 1024, 1024, 512, 128, 1024, 256, 128, 256, 512, 1024, 256, 1024, 256, 512, 512, 128, 1024
x = 0,0,0,0,0,0,0,0,0
y = 0,0,0,0,0,0,0,0,0
