[general]
path = outputs/system/

[chiplets]
chiplet_count = 9
widths = 	25,	28,	15,	12,	18,	20,	17,	22,	29
heights = 	29,	23,	15,	10,	20,	23,	19,	22,	24
powers = 	50,	100,	63,	94,	191,	147,	64,	123,	21
target_reward = 0
connections = 0,	0,	0,	0,	0,	0,	0,	512,	0;
			0,	0,	1024,	0,	512,	0,	1024,	512,	0;
			0,	1024,	0,	0,	0,	256,	0,	1024,	512;
			0,	0,	0,	0,	512,	256,	512,	0,	0;
			0,	512,	0,	512,	0,	512,	0,	512,	0;
			0,	0,	256,	256,	512,	0,	0,	0,	512;
			0,	1024,	0,	512,	0,	0,	0,	1024,	1024;
			512,	512,	1024,	0,	512,	0,	1024,	0,	128;
			0,	0,	512,	0,	0,	512,	1024,	128,	0
u =  0, 1, 1, 1, 1, 2, 2, 2, 2, 3, 3, 3, 4, 4, 4, 4, 5, 5, 5, 5, 6, 6, 6, 6, 7, 7, 7, 7, 7, 7, 8, 8, 8, 8
v =  7, 2, 4, 6, 7, 1, 5, 7, 8, 4, 5, 6, 1, 3, 5, 7, 2, 3, 4, 8, 1, 3, 7, 8, 0, 1, 2, 4, 6, 8, 2, 5, 6, 7
e =  512, 1024, 512, 1024, 512, 1024, 256, 1024, 512, 512, 256, 512, 512, 512, 512, 512, 256, 256, 512, 512, 1024, 512, 1024, 1024, 512, 512, 1024, 512, 1024, 128, 512, 512, 1024, 128
x = 0,0,0,0,0,0,0,0,0
y = 0,0,0,0,0,0,0,0,0
