[general]
path = outputs/system/

[chiplets]
chiplet_count = 9
widths = 	25,	15,	19,	13,	30,	18,	9,	19,	18
heights = 	27,	13,	16,	13,	27,	22,	9,	22,	22
powers = 	92,	91,	60,	158,	120,	25,	115,	115,	89
target_reward = 0
connections = 0,	0,	0,	0,	1024,	0,	0,	0,	0;
			0,	0,	256,	0,	1024,	0,	0,	256,	0;
			0,	256,	0,	256,	1024,	0,	0,	0,	128;
			0,	0,	256,	0,	0,	0,	0,	0,	0;
			1024,	1024,	1024,	0,	0,	128,	1024,	0,	0;
			0,	0,	0,	0,	128,	0,	128,	512,	0;
			0,	0,	0,	0,	1024,	128,	0,	128,	0;
			0,	256,	0,	0,	0,	512,	128,	0,	0;
			0,	0,	128,	0,	0,	0,	0,	0,	0
u =  0, 1, 1, 1, 2, 2, 2, 2, 3, 4, 4, 4, 4, 4, 5, 5, 5, 6, 6, 6, 7, 7, 7, 8
v =  4, 2, 4, 7, 1, 3, 4, 8, 2, 0, 1, 2, 5, 6, 4, 6, 7, 4, 5, 7, 1, 5, 6, 2
e =  1024, 256, 1024, 256, 256, 256, 1024, 128, 256, 1024, 1024, 1024, 128, 1024, 128, 128, 512, 1024, 128, 128, 256, 512, 128, 128
x = 0,0,0,0,0,0,0,0,0
y = 0,0,0,0,0,0,0,0,0
