[general]
path = outputs/system/

[chiplets]
chiplet_count = 8
widths = 	26,	23,	12,	19,	18,	19,	24,	25
heights = 	28,	28,	15,	21,	19,	17,	30,	25
powers = 	109,	132,	59,	42,	77,	122,	153,	144
target_reward = 0
connections = 0,	256,	512,	0,	0,	0,	0,	256;
			256,	0,	512,	0,	1024,	0,	256,	0;
			512,	512,	0,	128,	0,	0,	0,	0;
			0,	0,	128,	0,	0,	0,	0,	128;
			0,	1024,	0,	0,	0,	0,	128,	0;
			0,	0,	0,	0,	0,	0,	1024,	1024;
			0,	256,	0,	0,	128,	1024,	0,	256;
			256,	0,	0,	128,	0,	1024,	256,	0
u =  0, 0, 0, 1, 1, 1, 1, 2, 2, 2, 3, 3, 4, 4, 5, 5, 6, 6, 6, 6, 7, 7, 7, 7
v =  1, 2, 7, 0, 2, 4, 6, 0, 1, 3, 2, 7, 1, 6, 6, 7, 1, 4, 5, 7, 0, 3, 5, 6
e =  256, 512, 256, 256, 512, 1024, 256, 512, 512, 128, 128, 128, 1024, 128, 1024, 1024, 256, 128, 1024, 256, 256, 128, 1024, 256
x = 0,0,0,0,0,0,0,0
y = 0,0,0,0,0,0,0,0
