[general]
path = outputs/system/

[chiplets]
chiplet_count = 8
widths = 	30,	23,	13,	18,	27,	19,	11,	4
heights = 	27,	28,	14,	20,	23,	20,	11,	5
powers = 	28,	33,	150,	134,	29,	17,	120,	42
target_reward = 0
connections = 0,	0,	1024,	0,	0,	0,	0,	1024;
			0,	0,	512,	512,	0,	256,	128,	0;
			1024,	512,	0,	256,	128,	512,	512,	1024;
			0,	512,	256,	0,	256,	0,	0,	512;
			0,	0,	128,	256,	0,	1024,	0,	0;
			0,	256,	512,	0,	1024,	0,	0,	0;
			0,	128,	512,	0,	0,	0,	0,	0;
			1024,	0,	1024,	512,	0,	0,	0,	0
u =  0, 0, 1, 1, 1, 1, 2, 2, 2, 2, 2, 2, 2, 3, 3, 3, 3, 4, 4, 4, 5, 5, 5, 6, 6, 7, 7, 7
v =  2, 7, 2, 3, 5, 6, 0, 1, 3, 4, 5, 6, 7, 1, 2, 4, 7, 2, 3, 5, 1, 2, 4, 1, 2, 0, 2, 3
e =  1024, 1024, 512, 512, 256, 128, 1024, 512, 256, 128, 512, 512, 1024, 512, 256, 256, 512, 128, 256, 1024, 256, 512, 1024, 128, 512, 1024, 1024, 512
x = 0,0,0,0,0,0,0,0
y = 0,0,0,0,0,0,0,0
