[general]
path = outputs/system/

[chiplets]
chiplet_count = 9
widths = 	24,	19,	21,	16,	12,	26,	26,	19,	17
heights = 	29,	18,	17,	19,	10,	21,	24,	22,	19
powers = 	8,	118,	173,	188,	110,	104,	166,	76,	161
target_reward = 0
connections = 0,	0,	256,	256,	256,	0,	0,	0,	0;
			0,	0,	256,	1024,	0,	0,	0,	128,	0;
			256,	256,	0,	512,	0,	128,	0,	1024,	0;
			256,	1024,	512,	0,	512,	128,	0,	0,	0;
			256,	0,	0,	512,	0,	512,	1024,	512,	256;
			0,	0,	128,	128,	512,	0,	0,	0,	0;
			0,	0,	0,	0,	1024,	0,	0,	0,	0;
			0,	128,	1024,	0,	512,	0,	0,	0,	512;
			0,	0,	0,	0,	256,	0,	0,	512,	0
u =  0, 0, 0, 1, 1, 1, 2, 2, 2, 2, 2, 3, 3, 3, 3, 3, 4, 4, 4, 4, 4, 4, 5, 5, 5, 6, 7, 7, 7, 7, 8, 8
v =  2, 3, 4, 2, 3, 7, 0, 1, 3, 5, 7, 0, 1, 2, 4, 5, 0, 3, 5, 6, 7, 8, 2, 3, 4, 4, 1, 2, 4, 8, 4, 7
e =  256, 256, 256, 256, 1024, 128, 256, 256, 512, 128, 1024, 256, 1024, 512, 512, 128, 256, 512, 512, 1024, 512, 256, 128, 128, 512, 1024, 128, 1024, 512, 512, 256, 512
x = 0,0,0,0,0,0,0,0,0
y = 0,0,0,0,0,0,0,0,0
