[general]
path = outputs/system/

[chiplets]
chiplet_count = 8
widths = 	22,	15,	27,	29,	29,	23,	20,	20
heights = 	22,	16,	22,	24,	27,	21,	20,	22
powers = 	50,	175,	181,	199,	184,	53,	15,	130
target_reward = 0
connections = 0,	512,	0,	0,	0,	256,	512,	0;
			512,	0,	0,	512,	1024,	0,	0,	1024;
			0,	0,	0,	1024,	512,	0,	256,	256;
			0,	512,	1024,	0,	1024,	128,	0,	0;
			0,	1024,	512,	1024,	0,	512,	0,	0;
			256,	0,	0,	128,	512,	0,	0,	0;
			512,	0,	256,	0,	0,	0,	0,	0;
			0,	1024,	256,	0,	0,	0,	0,	0
u =  0, 0, 0, 1, 1, 1, 1, 2, 2, 2, 2, 3, 3, 3, 3, 4, 4, 4, 4, 5, 5, 5, 6, 6, 7, 7
v =  1, 5, 6, 0, 3, 4, 7, 3, 4, 6, 7, 1, 2, 4, 5, 1, 2, 3, 5, 0, 3, 4, 0, 2, 1, 2
e =  512, 256, 512, 512, 512, 1024, 1024, 1024, 512, 256, 256, 512, 1024, 1024, 128, 1024, 512, 1024, 512, 256, 128, 512, 512, 256, 1024, 256
x = 0,0,0,0,0,0,0,0
y = 0,0,0,0,0,0,0,0
