[general]
path = outputs/system/

[chiplets]
chiplet_count = 8
widths = 	13,	21,	13,	27,	15,	28,	7,	22
heights = 	11,	21,	14,	30,	16,	27,	8,	19
powers = 	22,	92,	48,	25,	199,	156,	171,	143
target_reward = 0
connections = 0,	0,	256,	0,	512,	128,	0,	0;
			0,	0,	0,	0,	1024,	1024,	128,	0;
			256,	0,	0,	1024,	0,	128,	0,	256;
			0,	0,	1024,	0,	0,	0,	512,	256;
			512,	1024,	0,	0,	0,	256,	256,	0;
			128,	1024,	128,	0,	256,	0,	0,	256;
			0,	128,	0,	512,	256,	0,	0,	512;
			0,	0,	256,	256,	0,	256,	512,	0
u =  0, 0, 0, 1, 1, 1, 2, 2, 2, 2, 3, 3, 3, 4, 4, 4, 4, 5, 5, 5, 5, 5, 6, 6, 6, 6, 7, 7, 7, 7
v =  2, 4, 5, 4, 5, 6, 0, 3, 5, 7, 2, 6, 7, 0, 1, 5, 6, 0, 1, 2, 4, 7, 1, 3, 4, 7, 2, 3, 5, 6
e =  256, 512, 128, 1024, 1024, 128, 256, 1024, 128, 256, 1024, 512, 256, 512, 1024, 256, 256, 128, 1024, 128, 256, 256, 128, 512, 256, 512, 256, 256, 256, 512
x = 0,0,0,0,0,0,0,0
y = 0,0,0,0,0,0,0,0
