[general]
path = outputs/system/

[chiplets]
chiplet_count = 10
widths = 	12,	30,	21,	14,	27,	13,	11,	25,	17,	21
heights = 	12,	27,	25,	14,	27,	15,	11,	24,	18,	23
powers = 	80,	70,	18,	125,	49,	11,	44,	6,	164,	178
target_reward = 0
connections = 0,	512,	512,	512,	0,	512,	0,	0,	0,	0;
			512,	0,	1024,	128,	0,	0,	512,	128,	0,	0;
			512,	1024,	0,	0,	128,	0,	0,	0,	0,	256;
			512,	128,	0,	0,	1024,	0,	0,	0,	1024,	256;
			0,	0,	128,	1024,	0,	512,	512,	0,	0,	256;
			512,	0,	0,	0,	512,	0,	128,	0,	0,	0;
			0,	512,	0,	0,	512,	128,	0,	0,	0,	0;
			0,	128,	0,	0,	0,	0,	0,	0,	512,	0;
			0,	0,	0,	1024,	0,	0,	0,	512,	0,	128;
			0,	0,	256,	256,	256,	0,	0,	0,	128,	0
u =  0, 0, 0, 0, 1, 1, 1, 1, 1, 2, 2, 2, 2, 3, 3, 3, 3, 3, 4, 4, 4, 4, 4, 5, 5, 5, 6, 6, 6, 7, 7, 8, 8, 8, 9, 9, 9, 9
v =  1, 2, 3, 5, 0, 2, 3, 6, 7, 0, 1, 4, 9, 0, 1, 4, 8, 9, 2, 3, 5, 6, 9, 0, 4, 6, 1, 4, 5, 1, 8, 3, 7, 9, 2, 3, 4, 8
e =  512, 512, 512, 512, 512, 1024, 128, 512, 128, 512, 1024, 128, 256, 512, 128, 1024, 1024, 256, 128, 1024, 512, 512, 256, 512, 512, 128, 512, 512, 128, 128, 512, 1024, 512, 128, 256, 256, 256, 128
x = 0,0,0,0,0,0,0,0,0,0
y = 0,0,0,0,0,0,0,0,0,0
