[general]
path = outputs/system/

[chiplets]
chiplet_count = 9
widths = 	29,	25,	20,	30,	12,	19,	26,	25,	21
heights = 	25,	28,	21,	27,	11,	21,	26,	29,	24
powers = 	101,	102,	26,	145,	127,	170,	167,	43,	108
target_reward = 0
connections = 0,	0,	0,	0,	512,	128,	0,	1024,	512;
			0,	0,	0,	0,	128,	0,	0,	128,	0;
			0,	0,	0,	512,	256,	0,	0,	1024,	0;
			0,	0,	512,	0,	512,	256,	0,	0,	0;
			512,	128,	256,	512,	0,	128,	0,	0,	0;
			128,	0,	0,	256,	128,	0,	128,	0,	0;
			0,	0,	0,	0,	0,	128,	0,	512,	1024;
			1024,	128,	1024,	0,	0,	0,	512,	0,	128;
			512,	0,	0,	0,	0,	0,	1024,	128,	0
u =  0, 0, 0, 0, 1, 1, 2, 2, 2, 3, 3, 3, 4, 4, 4, 4, 4, 5, 5, 5, 5, 6, 6, 6, 7, 7, 7, 7, 7, 8, 8, 8
v =  4, 5, 7, 8, 4, 7, 3, 4, 7, 2, 4, 5, 0, 1, 2, 3, 5, 0, 3, 4, 6, 5, 7, 8, 0, 1, 2, 6, 8, 0, 6, 7
e =  512, 128, 1024, 512, 128, 128, 512, 256, 1024, 512, 512, 256, 512, 128, 256, 512, 128, 128, 256, 128, 128, 128, 512, 1024, 1024, 128, 1024, 512, 128, 512, 1024, 128
x = 0,0,0,0,0,0,0,0,0
y = 0,0,0,0,0,0,0,0,0
