[general]
path = outputs/system/

[chiplets]
chiplet_count = 9
widths = 	23,	5,	6,	28,	14,	11,	4,	29,	13
heights = 	22,	6,	6,	25,	16,	10,	5,	29,	14
powers = 	52,	155,	39,	19,	65,	95,	110,	39,	74
target_reward = 0
connections = 0,	0,	0,	256,	0,	512,	0,	0,	1024;
			0,	0,	128,	512,	256,	0,	0,	0,	0;
			0,	128,	0,	512,	256,	0,	128,	0,	0;
			256,	512,	512,	0,	1024,	128,	0,	0,	0;
			0,	256,	256,	1024,	0,	256,	512,	1024,	1024;
			512,	0,	0,	128,	256,	0,	0,	0,	0;
			0,	0,	128,	0,	512,	0,	0,	256,	0;
			0,	0,	0,	0,	1024,	0,	256,	0,	0;
			1024,	0,	0,	0,	1024,	0,	0,	0,	0
u =  0, 0, 0, 1, 1, 1, 2, 2, 2, 2, 3, 3, 3, 3, 3, 4, 4, 4, 4, 4, 4, 4, 5, 5, 5, 6, 6, 6, 7, 7, 8, 8
v =  3, 5, 8, 2, 3, 4, 1, 3, 4, 6, 0, 1, 2, 4, 5, 1, 2, 3, 5, 6, 7, 8, 0, 3, 4, 2, 4, 7, 4, 6, 0, 4
e =  256, 512, 1024, 128, 512, 256, 128, 512, 256, 128, 256, 512, 512, 1024, 128, 256, 256, 1024, 256, 512, 1024, 1024, 512, 128, 256, 128, 512, 256, 1024, 256, 1024, 1024
x = 0,0,0,0,0,0,0,0,0
y = 0,0,0,0,0,0,0,0,0
