[general]
path = outputs/system/

[chiplets]
chiplet_count = 7
widths = 	23,	17,	23,	15,	28,	7,	28
heights = 	22,	17,	20,	15,	30,	7,	26
powers = 	8,	75,	137,	67,	191,	163,	14
target_reward = 0
connections = 0,	0,	0,	128,	0,	512,	0;
			0,	0,	0,	256,	256,	256,	1024;
			0,	0,	0,	512,	128,	0,	0;
			128,	256,	512,	0,	1024,	256,	0;
			0,	256,	128,	1024,	0,	512,	256;
			512,	256,	0,	256,	512,	0,	1024;
			0,	1024,	0,	0,	256,	1024,	0
u =  0, 0, 1, 1, 1, 1, 2, 2, 3, 3, 3, 3, 3, 4, 4, 4, 4, 4, 5, 5, 5, 5, 5, 6, 6, 6
v =  3, 5, 3, 4, 5, 6, 3, 4, 0, 1, 2, 4, 5, 1, 2, 3, 5, 6, 0, 1, 3, 4, 6, 1, 4, 5
e =  128, 512, 256, 256, 256, 1024, 512, 128, 128, 256, 512, 1024, 256, 256, 128, 1024, 512, 256, 512, 256, 256, 512, 1024, 1024, 256, 1024
x = 0,0,0,0,0,0,0
y = 0,0,0,0,0,0,0
