[general]
path = outputs/system/

[chiplets]
chiplet_count = 10
widths = 	14,	25,	20,	3,	8,	25,	25,	21,	11,	24
heights = 	16,	25,	22,	3,	8,	25,	28,	25,	13,	30
powers = 	115,	11,	157,	71,	109,	4,	189,	95,	166,	130
target_reward = 0
connections = 0,	0,	0,	0,	0,	256,	0,	128,	0,	128;
			0,	0,	0,	0,	0,	128,	0,	0,	256,	0;
			0,	0,	0,	512,	0,	0,	256,	0,	0,	0;
			0,	0,	512,	0,	512,	256,	0,	0,	512,	0;
			0,	0,	0,	512,	0,	512,	1024,	0,	0,	0;
			256,	128,	0,	256,	512,	0,	512,	128,	0,	0;
			0,	0,	256,	0,	1024,	512,	0,	512,	0,	0;
			128,	0,	0,	0,	0,	128,	512,	0,	128,	0;
			0,	256,	0,	512,	0,	0,	0,	128,	0,	128;
			128,	0,	0,	0,	0,	0,	0,	0,	128,	0
u =  0, 0, 0, 1, 1, 2, 2, 3, 3, 3, 3, 4, 4, 4, 5, 5, 5, 5, 5, 5, 6, 6, 6, 6, 7, 7, 7, 7, 8, 8, 8, 8, 9, 9
v =  5, 7, 9, 5, 8, 3, 6, 2, 4, 5, 8, 3, 5, 6, 0, 1, 3, 4, 6, 7, 2, 4, 5, 7, 0, 5, 6, 8, 1, 3, 7, 9, 0, 8
e =  256, 128, 128, 128, 256, 512, 256, 512, 512, 256, 512, 512, 512, 1024, 256, 128, 256, 512, 512, 128, 256, 1024, 512, 512, 128, 128, 512, 128, 256, 512, 128, 128, 128, 128
x = 0,0,0,0,0,0,0,0,0,0
y = 0,0,0,0,0,0,0,0,0,0
