[general]
path = outputs/system/

[chiplets]
chiplet_count = 7
widths = 	16,	18,	26,	10,	19,	20,	28
heights = 	18,	22,	29,	9,	21,	20,	30
powers = 	157,	85,	108,	58,	21,	137,	74
target_reward = 0
connections = 0,	0,	0,	0,	512,	0,	1024;
			0,	0,	1024,	1024,	0,	1024,	0;
			0,	1024,	0,	128,	256,	1024,	0;
			0,	1024,	128,	0,	128,	128,	1024;
			512,	0,	256,	128,	0,	1024,	0;
			0,	1024,	1024,	128,	1024,	0,	0;
			1024,	0,	0,	1024,	0,	0,	0
u =  0, 0, 1, 1, 1, 2, 2, 2, 2, 3, 3, 3, 3, 3, 4, 4, 4, 4, 5, 5, 5, 5, 6, 6
v =  4, 6, 2, 3, 5, 1, 3, 4, 5, 1, 2, 4, 5, 6, 0, 2, 3, 5, 1, 2, 3, 4, 0, 3
e =  512, 1024, 1024, 1024, 1024, 1024, 128, 256, 1024, 1024, 128, 128, 128, 1024, 512, 256, 128, 1024, 1024, 1024, 128, 1024, 1024, 1024
x = 0,0,0,0,0,0,0
y = 0,0,0,0,0,0,0
