[general]
path = outputs/system/

[chiplets]
chiplet_count = 10
widths = 	27,	17,	17,	21,	26,	22,	14,	21,	14,	29
heights = 	26,	16,	15,	25,	27,	23,	14,	23,	12,	26
powers = 	59,	190,	40,	63,	35,	119,	12,	83,	29,	91
target_reward = 0
connections = 0,	1024,	1024,	0,	0,	0,	0,	0,	0,	512;
			1024,	0,	0,	128,	0,	0,	512,	0,	0,	256;
			1024,	0,	0,	0,	0,	0,	128,	512,	0,	0;
			0,	128,	0,	0,	1024,	256,	256,	0,	1024,	0;
			0,	0,	0,	1024,	0,	1024,	256,	0,	0,	128;
			0,	0,	0,	256,	1024,	0,	1024,	0,	256,	0;
			0,	512,	128,	256,	256,	1024,	0,	0,	1024,	0;
			0,	0,	512,	0,	0,	0,	0,	0,	1024,	0;
			0,	0,	0,	1024,	0,	256,	1024,	1024,	0,	128;
			512,	256,	0,	0,	128,	0,	0,	0,	128,	0
u =  0, 0, 0, 1, 1, 1, 1, 2, 2, 2, 3, 3, 3, 3, 3, 4, 4, 4, 4, 5, 5, 5, 5, 6, 6, 6, 6, 6, 6, 7, 7, 8, 8, 8, 8, 8, 9, 9, 9, 9
v =  1, 2, 9, 0, 3, 6, 9, 0, 6, 7, 1, 4, 5, 6, 8, 3, 5, 6, 9, 3, 4, 6, 8, 1, 2, 3, 4, 5, 8, 2, 8, 3, 5, 6, 7, 9, 0, 1, 4, 8
e =  1024, 1024, 512, 1024, 128, 512, 256, 1024, 128, 512, 128, 1024, 256, 256, 1024, 1024, 1024, 256, 128, 256, 1024, 1024, 256, 512, 128, 256, 256, 1024, 1024, 512, 1024, 1024, 256, 1024, 1024, 128, 512, 256, 128, 128
x = 0,0,0,0,0,0,0,0,0,0
y = 0,0,0,0,0,0,0,0,0,0
