[general]
path = outputs/system/

[chiplets]
chiplet_count = 9
widths = 	19,	27,	15,	16,	23,	30,	25,	14,	29
heights = 	21,	24,	13,	19,	22,	24,	29,	16,	24
powers = 	67,	63,	120,	168,	10,	37,	32,	111,	68
target_reward = 0
connections = 0,	128,	0,	0,	0,	0,	0,	256,	0;
			128,	0,	0,	1024,	0,	0,	0,	0,	128;
			0,	0,	0,	0,	512,	128,	0,	0,	0;
			0,	1024,	0,	0,	512,	1024,	0,	0,	0;
			0,	0,	512,	512,	0,	512,	1024,	0,	0;
			0,	0,	128,	1024,	512,	0,	256,	0,	0;
			0,	0,	0,	0,	1024,	256,	0,	128,	0;
			256,	0,	0,	0,	0,	0,	128,	0,	256;
			0,	128,	0,	0,	0,	0,	0,	256,	0
u =  0, 0, 1, 1, 1, 2, 2, 3, 3, 3, 4, 4, 4, 4, 5, 5, 5, 5, 6, 6, 6, 7, 7, 7, 8, 8
v =  1, 7, 0, 3, 8, 4, 5, 1, 4, 5, 2, 3, 5, 6, 2, 3, 4, 6, 4, 5, 7, 0, 6, 8, 1, 7
e =  128, 256, 128, 1024, 128, 512, 128, 1024, 512, 1024, 512, 512, 512, 1024, 128, 1024, 512, 256, 1024, 256, 128, 256, 128, 256, 128, 256
x = 0,0,0,0,0,0,0,0,0
y = 0,0,0,0,0,0,0,0,0
