[general]
path = outputs/system/

[chiplets]
chiplet_count = 10
widths = 	23,	25,	14,	24,	17,	27,	21,	30,	29,	24
heights = 	24,	28,	15,	28,	17,	22,	25,	29,	26,	28
powers = 	89,	43,	157,	134,	161,	108,	191,	8,	162,	17
target_reward = 0
connections = 0,	256,	512,	128,	0,	128,	0,	0,	1024,	0;
			256,	0,	0,	0,	0,	0,	0,	0,	0,	0;
			512,	0,	0,	1024,	0,	0,	128,	0,	0,	0;
			128,	0,	1024,	0,	128,	256,	0,	0,	0,	256;
			0,	0,	0,	128,	0,	256,	128,	0,	512,	0;
			128,	0,	0,	256,	256,	0,	256,	0,	512,	128;
			0,	0,	128,	0,	128,	256,	0,	512,	0,	128;
			0,	0,	0,	0,	0,	0,	512,	0,	256,	0;
			1024,	0,	0,	0,	512,	512,	0,	256,	0,	0;
			0,	0,	0,	256,	0,	128,	128,	0,	0,	0
u =  0, 0, 0, 0, 0, 1, 2, 2, 2, 3, 3, 3, 3, 3, 4, 4, 4, 4, 5, 5, 5, 5, 5, 5, 6, 6, 6, 6, 6, 7, 7, 8, 8, 8, 8, 9, 9, 9
v =  1, 2, 3, 5, 8, 0, 0, 3, 6, 0, 2, 4, 5, 9, 3, 5, 6, 8, 0, 3, 4, 6, 8, 9, 2, 4, 5, 7, 9, 6, 8, 0, 4, 5, 7, 3, 5, 6
e =  256, 512, 128, 128, 1024, 256, 512, 1024, 128, 128, 1024, 128, 256, 256, 128, 256, 128, 512, 128, 256, 256, 256, 512, 128, 128, 128, 256, 512, 128, 512, 256, 1024, 512, 512, 256, 256, 128, 128
x = 0,0,0,0,0,0,0,0,0,0
y = 0,0,0,0,0,0,0,0,0,0
