[general]
path = outputs/system/

[chiplets]
chiplet_count = 9
widths = 	25,	27,	10,	27,	17,	21,	23,	13,	15
heights = 	20,	27,	9,	28,	15,	25,	25,	16,	15
powers = 	197,	22,	30,	115,	168,	75,	39,	127,	116
target_reward = 0
connections = 0,	0,	1024,	0,	256,	0,	0,	256,	128;
			0,	0,	0,	128,	0,	0,	1024,	0,	128;
			1024,	0,	0,	512,	0,	0,	128,	0,	512;
			0,	128,	512,	0,	1024,	256,	0,	256,	1024;
			256,	0,	0,	1024,	0,	512,	128,	0,	0;
			0,	0,	0,	256,	512,	0,	1024,	0,	128;
			0,	1024,	128,	0,	128,	1024,	0,	0,	0;
			256,	0,	0,	256,	0,	0,	0,	0,	0;
			128,	128,	512,	1024,	0,	128,	0,	0,	0
u =  0, 0, 0, 0, 1, 1, 1, 2, 2, 2, 2, 3, 3, 3, 3, 3, 3, 4, 4, 4, 4, 5, 5, 5, 5, 6, 6, 6, 6, 7, 7, 8, 8, 8, 8, 8
v =  2, 4, 7, 8, 3, 6, 8, 0, 3, 6, 8, 1, 2, 4, 5, 7, 8, 0, 3, 5, 6, 3, 4, 6, 8, 1, 2, 4, 5, 0, 3, 0, 1, 2, 3, 5
e =  1024, 256, 256, 128, 128, 1024, 128, 1024, 512, 128, 512, 128, 512, 1024, 256, 256, 1024, 256, 1024, 512, 128, 256, 512, 1024, 128, 1024, 128, 128, 1024, 256, 256, 128, 128, 512, 1024, 128
x = 0,0,0,0,0,0,0,0,0
y = 0,0,0,0,0,0,0,0,0
