[general]
path = outputs/system/

[chiplets]
chiplet_count = 8
widths = 	25,	18,	28,	28,	20,	15,	27,	20
heights = 	21,	22,	27,	24,	22,	12,	25,	21
powers = 	18,	163,	110,	156,	54,	173,	183,	145
target_reward = 0
connections = 0,	1024,	1024,	0,	0,	1024,	128,	128;
			1024,	0,	512,	0,	0,	1024,	512,	0;
			1024,	512,	0,	0,	0,	0,	128,	0;
			0,	0,	0,	0,	512,	128,	0,	512;
			0,	0,	0,	512,	0,	128,	0,	256;
			1024,	1024,	0,	128,	128,	0,	512,	0;
			128,	512,	128,	0,	0,	512,	0,	128;
			128,	0,	0,	512,	256,	0,	128,	0
u =  0, 0, 0, 0, 0, 1, 1, 1, 1, 2, 2, 2, 3, 3, 3, 4, 4, 4, 5, 5, 5, 5, 5, 6, 6, 6, 6, 6, 7, 7, 7, 7
v =  1, 2, 5, 6, 7, 0, 2, 5, 6, 0, 1, 6, 4, 5, 7, 3, 5, 7, 0, 1, 3, 4, 6, 0, 1, 2, 5, 7, 0, 3, 4, 6
e =  1024, 1024, 1024, 128, 128, 1024, 512, 1024, 512, 1024, 512, 128, 512, 128, 512, 512, 128, 256, 1024, 1024, 128, 128, 512, 128, 512, 128, 512, 128, 128, 512, 256, 128
x = 0,0,0,0,0,0,0,0
y = 0,0,0,0,0,0,0,0
