[general]
path = outputs/system/

[chiplets]
chiplet_count = 8
widths = 	18,	24,	24,	26,	15,	26,	18,	20
heights = 	18,	22,	29,	21,	17,	21,	22,	16
powers = 	87,	41,	28,	45,	62,	174,	66,	84
target_reward = 0
connections = 0,	0,	0,	128,	128,	0,	0,	0;
			0,	0,	256,	256,	512,	256,	0,	0;
			0,	256,	0,	512,	512,	256,	0,	0;
			128,	256,	512,	0,	0,	0,	0,	0;
			128,	512,	512,	0,	0,	256,	1024,	0;
			0,	256,	256,	0,	256,	0,	256,	0;
			0,	0,	0,	0,	1024,	256,	0,	256;
			0,	0,	0,	0,	0,	0,	256,	0
u =  0, 0, 1, 1, 1, 1, 2, 2, 2, 2, 3, 3, 3, 4, 4, 4, 4, 4, 5, 5, 5, 5, 6, 6, 6, 7
v =  3, 4, 2, 3, 4, 5, 1, 3, 4, 5, 0, 1, 2, 0, 1, 2, 5, 6, 1, 2, 4, 6, 4, 5, 7, 6
e =  128, 128, 256, 256, 512, 256, 256, 512, 512, 256, 128, 256, 512, 128, 512, 512, 256, 1024, 256, 256, 256, 256, 1024, 256, 256, 256
x = 0,0,0,0,0,0,0,0
y = 0,0,0,0,0,0,0,0
