[general]
path = outputs/system/

[chiplets]
chiplet_count = 8
widths = 	28,	21,	11,	19,	19,	23,	13,	14
heights = 	28,	25,	13,	21,	20,	28,	13,	13
powers = 	106,	185,	106,	169,	99,	77,	84,	68
target_reward = 0
connections = 0,	256,	128,	0,	0,	0,	512,	0;
			256,	0,	1024,	0,	0,	512,	0,	0;
			128,	1024,	0,	0,	128,	0,	128,	512;
			0,	0,	0,	0,	512,	256,	0,	0;
			0,	0,	128,	512,	0,	1024,	1024,	0;
			0,	512,	0,	256,	1024,	0,	512,	256;
			512,	0,	128,	0,	1024,	512,	0,	512;
			0,	0,	512,	0,	0,	256,	512,	0
u =  0, 0, 0, 1, 1, 1, 2, 2, 2, 2, 2, 3, 3, 4, 4, 4, 4, 5, 5, 5, 5, 5, 6, 6, 6, 6, 6, 7, 7, 7
v =  1, 2, 6, 0, 2, 5, 0, 1, 4, 6, 7, 4, 5, 2, 3, 5, 6, 1, 3, 4, 6, 7, 0, 2, 4, 5, 7, 2, 5, 6
e =  256, 128, 512, 256, 1024, 512, 128, 1024, 128, 128, 512, 512, 256, 128, 512, 1024, 1024, 512, 256, 1024, 512, 256, 512, 128, 1024, 512, 512, 512, 256, 512
x = 0,0,0,0,0,0,0,0
y = 0,0,0,0,0,0,0,0
