[general]
path = outputs/system/

[chiplets]
chiplet_count = 9
widths = 	14,	27,	21,	25,	8,	19,	11,	21,	14
heights = 	16,	30,	19,	25,	10,	21,	11,	20,	16
powers = 	57,	118,	113,	106,	12,	119,	79,	65,	173
target_reward = 0
connections = 0,	256,	512,	1024,	1024,	0,	0,	0,	0;
			256,	0,	0,	0,	512,	256,	0,	256,	0;
			512,	0,	0,	256,	0,	0,	512,	256,	0;
			1024,	0,	256,	0,	0,	128,	0,	0,	0;
			1024,	512,	0,	0,	0,	0,	0,	512,	0;
			0,	256,	0,	128,	0,	0,	128,	1024,	0;
			0,	0,	512,	0,	0,	128,	0,	128,	1024;
			0,	256,	256,	0,	512,	1024,	128,	0,	1024;
			0,	0,	0,	0,	0,	0,	1024,	1024,	0
u =  0, 0, 0, 0, 1, 1, 1, 1, 2, 2, 2, 2, 3, 3, 3, 4, 4, 4, 5, 5, 5, 5, 6, 6, 6, 6, 7, 7, 7, 7, 7, 7, 8, 8
v =  1, 2, 3, 4, 0, 4, 5, 7, 0, 3, 6, 7, 0, 2, 5, 0, 1, 7, 1, 3, 6, 7, 2, 5, 7, 8, 1, 2, 4, 5, 6, 8, 6, 7
e =  256, 512, 1024, 1024, 256, 512, 256, 256, 512, 256, 512, 256, 1024, 256, 128, 1024, 512, 512, 256, 128, 128, 1024, 512, 128, 128, 1024, 256, 256, 512, 1024, 128, 1024, 1024, 1024
x = 0,0,0,0,0,0,0,0,0
y = 0,0,0,0,0,0,0,0,0
