[general]
path = outputs/system/

[chiplets]
chiplet_count = 7
widths = 	8,	18,	20,	25,	26,	27,	20
heights = 	8,	15,	25,	25,	28,	25,	23
powers = 	23,	15,	65,	144,	78,	63,	37
target_reward = 0
connections = 0,	512,	128,	0,	0,	128,	0;
			512,	0,	0,	0,	1024,	1024,	1024;
			128,	0,	0,	512,	128,	0,	256;
			0,	0,	512,	0,	512,	256,	0;
			0,	1024,	128,	512,	0,	256,	1024;
			128,	1024,	0,	256,	256,	0,	0;
			0,	1024,	256,	0,	1024,	0,	0
u =  0, 0, 0, 1, 1, 1, 1, 2, 2, 2, 2, 3, 3, 3, 4, 4, 4, 4, 4, 5, 5, 5, 5, 6, 6, 6
v =  1, 2, 5, 0, 4, 5, 6, 0, 3, 4, 6, 2, 4, 5, 1, 2, 3, 5, 6, 0, 1, 3, 4, 1, 2, 4
e =  512, 128, 128, 512, 1024, 1024, 1024, 128, 512, 128, 256, 512, 512, 256, 1024, 128, 512, 256, 1024, 128, 1024, 256, 256, 1024, 256, 1024
x = 0,0,0,0,0,0,0
y = 0,0,0,0,0,0,0
