[general]
path = outputs/system/

[chiplets]
chiplet_count = 9
widths = 	12,	11,	17,	27,	4,	24,	26,	24,	24
heights = 	12,	11,	17,	25,	4,	22,	25,	26,	27
powers = 	182,	78,	180,	126,	160,	105,	28,	150,	142
target_reward = 0
connections = 0,	0,	0,	0,	0,	1024,	1024,	0,	0;
			0,	0,	0,	128,	0,	0,	0,	0,	1024;
			0,	0,	0,	128,	1024,	256,	0,	128,	0;
			0,	128,	128,	0,	128,	1024,	0,	256,	0;
			0,	0,	1024,	128,	0,	256,	256,	0,	512;
			1024,	0,	256,	1024,	256,	0,	0,	0,	1024;
			1024,	0,	0,	0,	256,	0,	0,	512,	0;
			0,	0,	128,	256,	0,	0,	512,	0,	0;
			0,	1024,	0,	0,	512,	1024,	0,	0,	0
u =  0, 0, 1, 1, 2, 2, 2, 2, 3, 3, 3, 3, 3, 4, 4, 4, 4, 4, 5, 5, 5, 5, 5, 6, 6, 6, 7, 7, 7, 8, 8, 8
v =  5, 6, 3, 8, 3, 4, 5, 7, 1, 2, 4, 5, 7, 2, 3, 5, 6, 8, 0, 2, 3, 4, 8, 0, 4, 7, 2, 3, 6, 1, 4, 5
e =  1024, 1024, 128, 1024, 128, 1024, 256, 128, 128, 128, 128, 1024, 256, 1024, 128, 256, 256, 512, 1024, 256, 1024, 256, 1024, 1024, 256, 512, 128, 256, 512, 1024, 512, 1024
x = 0,0,0,0,0,0,0,0,0
y = 0,0,0,0,0,0,0,0,0
