[general]
path = outputs/system/

[chiplets]
chiplet_count = 8
widths = 	13,	22,	17,	13,	17,	16,	14,	22
heights = 	14,	19,	15,	12,	19,	15,	17,	24
powers = 	87,	67,	117,	34,	173,	26,	146,	110
target_reward = 0
connections = 0,	0,	128,	1024,	0,	128,	0,	512;
			0,	0,	0,	0,	0,	0,	128,	0;
			128,	0,	0,	0,	128,	0,	0,	256;
			1024,	0,	0,	0,	256,	256,	0,	0;
			0,	0,	128,	256,	0,	1024,	1024,	0;
			128,	0,	0,	256,	1024,	0,	256,	128;
			0,	128,	0,	0,	1024,	256,	0,	0;
			512,	0,	256,	0,	0,	128,	0,	0
u =  0, 0, 0, 0, 1, 2, 2, 2, 3, 3, 3, 4, 4, 4, 4, 5, 5, 5, 5, 5, 6, 6, 6, 7, 7, 7
v =  2, 3, 5, 7, 6, 0, 4, 7, 0, 4, 5, 2, 3, 5, 6, 0, 3, 4, 6, 7, 1, 4, 5, 0, 2, 5
e =  128, 1024, 128, 512, 128, 128, 128, 256, 1024, 256, 256, 128, 256, 1024, 1024, 128, 256, 1024, 256, 128, 128, 1024, 256, 512, 256, 128
x = 0,0,0,0,0,0,0,0
y = 0,0,0,0,0,0,0,0
