[general]
path = outputs/system/

[chiplets]
chiplet_count = 8
widths = 	22,	22,	6,	22,	16,	30,	22,	24
heights = 	18,	20,	7,	18,	16,	25,	20,	28
powers = 	160,	23,	153,	4,	83,	23,	55,	112
target_reward = 0
connections = 0,	0,	256,	0,	0,	0,	0,	512;
			0,	0,	256,	512,	256,	0,	0,	0;
			256,	256,	0,	128,	1024,	256,	0,	128;
			0,	512,	128,	0,	0,	128,	128,	1024;
			0,	256,	1024,	0,	0,	0,	0,	0;
			0,	0,	256,	128,	0,	0,	1024,	1024;
			0,	0,	0,	128,	0,	1024,	0,	256;
			512,	0,	128,	1024,	0,	1024,	256,	0
u =  0, 0, 1, 1, 1, 2, 2, 2, 2, 2, 2, 3, 3, 3, 3, 3, 4, 4, 5, 5, 5, 5, 6, 6, 6, 7, 7, 7, 7, 7
v =  2, 7, 2, 3, 4, 0, 1, 3, 4, 5, 7, 1, 2, 5, 6, 7, 1, 2, 2, 3, 6, 7, 3, 5, 7, 0, 2, 3, 5, 6
e =  256, 512, 256, 512, 256, 256, 256, 128, 1024, 256, 128, 512, 128, 128, 128, 1024, 256, 1024, 256, 128, 1024, 1024, 128, 1024, 256, 512, 128, 1024, 1024, 256
x = 0,0,0,0,0,0,0,0
y = 0,0,0,0,0,0,0,0
