[general]
path = outputs/system/

[chiplets]
chiplet_count = 9
widths = 	24,	18,	25,	8,	9,	15,	23,	13,	17
heights = 	29,	21,	24,	8,	9,	12,	28,	12,	19
powers = 	185,	124,	178,	66,	38,	62,	40,	8,	109
target_reward = 0
connections = 0,	0,	128,	0,	256,	0,	1024,	512,	0;
			0,	0,	0,	0,	1024,	0,	0,	0,	0;
			128,	0,	0,	0,	0,	0,	0,	128,	0;
			0,	0,	0,	0,	512,	256,	0,	0,	128;
			256,	1024,	0,	512,	0,	128,	128,	512,	0;
			0,	0,	0,	256,	128,	0,	256,	0,	512;
			1024,	0,	0,	0,	128,	256,	0,	512,	0;
			512,	0,	128,	0,	512,	0,	512,	0,	1024;
			0,	0,	0,	128,	0,	512,	0,	1024,	0
u =  0, 0, 0, 0, 1, 2, 2, 3, 3, 3, 4, 4, 4, 4, 4, 4, 5, 5, 5, 5, 6, 6, 6, 6, 7, 7, 7, 7, 7, 8, 8, 8
v =  2, 4, 6, 7, 4, 0, 7, 4, 5, 8, 0, 1, 3, 5, 6, 7, 3, 4, 6, 8, 0, 4, 5, 7, 0, 2, 4, 6, 8, 3, 5, 7
e =  128, 256, 1024, 512, 1024, 128, 128, 512, 256, 128, 256, 1024, 512, 128, 128, 512, 256, 128, 256, 512, 1024, 128, 256, 512, 512, 128, 512, 512, 1024, 128, 512, 1024
x = 0,0,0,0,0,0,0,0,0
y = 0,0,0,0,0,0,0,0,0
