[general]
path = outputs/system/

[chiplets]
chiplet_count = 9
widths = 	22,	11,	18,	22,	21,	25,	22,	25,	29
heights = 	23,	10,	20,	26,	25,	27,	21,	22,	25
powers = 	68,	88,	7,	139,	144,	118,	167,	198,	135
target_reward = 0
connections = 0,	128,	0,	256,	1024,	0,	0,	0,	256;
			128,	0,	256,	0,	256,	0,	256,	512,	0;
			0,	256,	0,	128,	256,	0,	128,	0,	0;
			256,	0,	128,	0,	256,	0,	0,	0,	512;
			1024,	256,	256,	256,	0,	0,	0,	0,	0;
			0,	0,	0,	0,	0,	0,	512,	128,	0;
			0,	256,	128,	0,	0,	512,	0,	1024,	0;
			0,	512,	0,	0,	0,	128,	1024,	0,	1024;
			256,	0,	0,	512,	0,	0,	0,	1024,	0
u =  0, 0, 0, 0, 1, 1, 1, 1, 1, 2, 2, 2, 2, 3, 3, 3, 3, 4, 4, 4, 4, 5, 5, 6, 6, 6, 6, 7, 7, 7, 7, 8, 8, 8
v =  1, 3, 4, 8, 0, 2, 4, 6, 7, 1, 3, 4, 6, 0, 2, 4, 8, 0, 1, 2, 3, 6, 7, 1, 2, 5, 7, 1, 5, 6, 8, 0, 3, 7
e =  128, 256, 1024, 256, 128, 256, 256, 256, 512, 256, 128, 256, 128, 256, 128, 256, 512, 1024, 256, 256, 256, 512, 128, 256, 128, 512, 1024, 512, 128, 1024, 1024, 256, 512, 1024
x = 0,0,0,0,0,0,0,0,0
y = 0,0,0,0,0,0,0,0,0
