[general]
path = outputs/system/

[chiplets]
chiplet_count = 10
widths = 	11,	22,	16,	5,	28,	8,	14,	20,	18,	15
heights = 	9,	22,	15,	6,	25,	10,	13,	20,	15,	18
powers = 	78,	97,	58,	47,	158,	190,	150,	119,	197,	55
target_reward = 0
connections = 0,	0,	1024,	512,	0,	0,	256,	0,	0,	0;
			0,	0,	128,	128,	0,	0,	0,	0,	0,	512;
			1024,	128,	0,	256,	0,	512,	0,	256,	256,	0;
			512,	128,	256,	0,	128,	512,	256,	0,	512,	0;
			0,	0,	0,	128,	0,	256,	0,	0,	0,	1024;
			0,	0,	512,	512,	256,	0,	0,	0,	0,	0;
			256,	0,	0,	256,	0,	0,	0,	0,	0,	0;
			0,	0,	256,	0,	0,	0,	0,	0,	1024,	0;
			0,	0,	256,	512,	0,	0,	0,	1024,	0,	0;
			0,	512,	0,	0,	1024,	0,	0,	0,	0,	0
u =  0, 0, 0, 1, 1, 1, 2, 2, 2, 2, 2, 2, 3, 3, 3, 3, 3, 3, 3, 4, 4, 4, 5, 5, 5, 6, 6, 7, 7, 8, 8, 8, 9, 9
v =  2, 3, 6, 2, 3, 9, 0, 1, 3, 5, 7, 8, 0, 1, 2, 4, 5, 6, 8, 3, 5, 9, 2, 3, 4, 0, 3, 2, 8, 2, 3, 7, 1, 4
e =  1024, 512, 256, 128, 128, 512, 1024, 128, 256, 512, 256, 256, 512, 128, 256, 128, 512, 256, 512, 128, 256, 1024, 512, 512, 256, 256, 256, 256, 1024, 256, 512, 1024, 512, 1024
x = 0,0,0,0,0,0,0,0,0,0
y = 0,0,0,0,0,0,0,0,0,0
