[general]
path = outputs/system/

[chiplets]
chiplet_count = 11
widths = 	11,	24,	22,	16,	23,	10,	18,	12,	30,	12,	26
heights = 	11,	29,	25,	13,	25,	8,	22,	12,	30,	13,	28
powers = 	15,	73,	196,	99,	7,	71,	170,	126,	2,	195,	42
target_reward = 0
connections = 0,	0,	128,	256,	0,	0,	0,	0,	1024,	0,	0;
			0,	0,	256,	1024,	0,	0,	0,	0,	0,	0,	0;
			128,	256,	0,	128,	1024,	256,	0,	256,	1024,	0,	0;
			256,	1024,	128,	0,	1024,	0,	0,	0,	0,	128,	0;
			0,	0,	1024,	1024,	0,	0,	512,	0,	0,	128,	0;
			0,	0,	256,	0,	0,	0,	128,	0,	0,	256,	0;
			0,	0,	0,	0,	512,	128,	0,	512,	256,	0,	128;
			0,	0,	256,	0,	0,	0,	512,	0,	0,	0,	0;
			1024,	0,	1024,	0,	0,	0,	256,	0,	0,	1024,	0;
			0,	0,	0,	128,	128,	256,	0,	0,	1024,	0,	0;
			0,	0,	0,	0,	0,	0,	128,	0,	0,	0,	0
u =  0, 0, 0, 1, 1, 2, 2, 2, 2, 2, 2, 2, 3, 3, 3, 3, 3, 4, 4, 4, 4, 5, 5, 5, 6, 6, 6, 6, 6, 7, 7, 8, 8, 8, 8, 9, 9, 9, 9, 10
v =  2, 3, 8, 2, 3, 0, 1, 3, 4, 5, 7, 8, 0, 1, 2, 4, 9, 2, 3, 6, 9, 2, 6, 9, 4, 5, 7, 8, 10, 2, 6, 0, 2, 6, 9, 3, 4, 5, 8, 6
e =  128, 256, 1024, 256, 1024, 128, 256, 128, 1024, 256, 256, 1024, 256, 1024, 128, 1024, 128, 1024, 1024, 512, 128, 256, 128, 256, 512, 128, 512, 256, 128, 256, 512, 1024, 1024, 256, 1024, 128, 128, 256, 1024, 128
x = 0,0,0,0,0,0,0,0,0,0,0
y = 0,0,0,0,0,0,0,0,0,0,0
