[general]
path = outputs/system/

[chiplets]
chiplet_count = 7
widths = 	27,	26,	19,	17,	26,	11,	10
heights = 	26,	26,	18,	20,	23,	9,	11
powers = 	70,	116,	144,	147,	51,	156,	184
target_reward = 0
connections = 0,	512,	1024,	256,	1024,	0,	0;
			512,	0,	256,	256,	256,	0,	0;
			1024,	256,	0,	0,	0,	128,	0;
			256,	256,	0,	0,	256,	256,	1024;
			1024,	256,	0,	256,	0,	512,	0;
			0,	0,	128,	256,	512,	0,	0;
			0,	0,	0,	1024,	0,	0,	0
u =  0, 0, 0, 0, 1, 1, 1, 1, 2, 2, 2, 3, 3, 3, 3, 3, 4, 4, 4, 4, 5, 5, 5, 6
v =  1, 2, 3, 4, 0, 2, 3, 4, 0, 1, 5, 0, 1, 4, 5, 6, 0, 1, 3, 5, 2, 3, 4, 3
e =  512, 1024, 256, 1024, 512, 256, 256, 256, 1024, 256, 128, 256, 256, 256, 256, 1024, 1024, 256, 256, 512, 128, 256, 512, 1024
x = 0,0,0,0,0,0,0
y = 0,0,0,0,0,0,0
