[general]
path = outputs/system/

[chiplets]
chiplet_count = 10
widths = 	24,	18,	26,	23,	17,	7,	15,	15,	22,	11
heights = 	28,	20,	21,	22,	17,	8,	16,	13,	23,	10
powers = 	57,	191,	43,	45,	163,	109,	129,	134,	55,	92
target_reward = 0
connections = 0,	0,	0,	0,	0,	128,	0,	0,	0,	0;
			0,	0,	128,	0,	0,	0,	0,	128,	0,	256;
			0,	128,	0,	512,	256,	0,	0,	0,	0,	0;
			0,	0,	512,	0,	1024,	0,	0,	0,	0,	0;
			0,	0,	256,	1024,	0,	512,	256,	0,	0,	1024;
			128,	0,	0,	0,	512,	0,	512,	256,	128,	0;
			0,	0,	0,	0,	256,	512,	0,	256,	0,	0;
			0,	128,	0,	0,	0,	256,	256,	0,	0,	256;
			0,	0,	0,	0,	0,	128,	0,	0,	0,	0;
			0,	256,	0,	0,	1024,	0,	0,	256,	0,	0
u =  0, 1, 1, 1, 2, 2, 2, 3, 3, 4, 4, 4, 4, 4, 5, 5, 5, 5, 5, 6, 6, 6, 7, 7, 7, 7, 8, 9, 9, 9
v =  5, 2, 7, 9, 1, 3, 4, 2, 4, 2, 3, 5, 6, 9, 0, 4, 6, 7, 8, 4, 5, 7, 1, 5, 6, 9, 5, 1, 4, 7
e =  128, 128, 128, 256, 128, 512, 256, 512, 1024, 256, 1024, 512, 256, 1024, 128, 512, 512, 256, 128, 256, 512, 256, 128, 256, 256, 256, 128, 256, 1024, 256
x = 0,0,0,0,0,0,0,0,0,0
y = 0,0,0,0,0,0,0,0,0,0
