[general]
path = outputs/system/

[chiplets]
chiplet_count = 8
widths = 	17,	29,	12,	26,	23,	29,	17,	8
heights = 	20,	30,	15,	23,	24,	27,	21,	9
powers = 	65,	163,	152,	85,	44,	99,	141,	14
target_reward = 0
connections = 0,	0,	256,	1024,	0,	256,	128,	256;
			0,	0,	1024,	0,	256,	0,	128,	0;
			256,	1024,	0,	1024,	512,	128,	0,	256;
			1024,	0,	1024,	0,	1024,	0,	0,	0;
			0,	256,	512,	1024,	0,	1024,	256,	1024;
			256,	0,	128,	0,	1024,	0,	256,	256;
			128,	128,	0,	0,	256,	256,	0,	1024;
			256,	0,	256,	0,	1024,	256,	1024,	0
u =  0, 0, 0, 0, 0, 1, 1, 1, 2, 2, 2, 2, 2, 2, 3, 3, 3, 4, 4, 4, 4, 4, 4, 5, 5, 5, 5, 5, 6, 6, 6, 6, 6, 7, 7, 7, 7, 7
v =  2, 3, 5, 6, 7, 2, 4, 6, 0, 1, 3, 4, 5, 7, 0, 2, 4, 1, 2, 3, 5, 6, 7, 0, 2, 4, 6, 7, 0, 1, 4, 5, 7, 0, 2, 4, 5, 6
e =  256, 1024, 256, 128, 256, 1024, 256, 128, 256, 1024, 1024, 512, 128, 256, 1024, 1024, 1024, 256, 512, 1024, 1024, 256, 1024, 256, 128, 1024, 256, 256, 128, 128, 256, 256, 1024, 256, 256, 1024, 256, 1024
x = 0,0,0,0,0,0,0,0
y = 0,0,0,0,0,0,0,0
