[general]
path = outputs/system/

[chiplets]
chiplet_count = 9
widths = 	24,	8,	26,	29,	23,	18,	19,	26,	13
heights = 	24,	10,	22,	28,	27,	16,	21,	23,	13
powers = 	162,	142,	6,	95,	67,	75,	132,	92,	64
target_reward = 0
connections = 0,	128,	0,	0,	256,	0,	0,	0,	512;
			128,	0,	256,	0,	0,	0,	128,	128,	0;
			0,	256,	0,	0,	128,	128,	256,	0,	0;
			0,	0,	0,	0,	1024,	128,	0,	0,	0;
			256,	0,	128,	1024,	0,	128,	256,	0,	0;
			0,	0,	128,	128,	128,	0,	1024,	0,	0;
			0,	128,	256,	0,	256,	1024,	0,	0,	512;
			0,	128,	0,	0,	0,	0,	0,	0,	0;
			512,	0,	0,	0,	0,	0,	512,	0,	0
u =  0, 0, 0, 1, 1, 1, 1, 2, 2, 2, 2, 3, 3, 4, 4, 4, 4, 4, 5, 5, 5, 5, 6, 6, 6, 6, 6, 7, 8, 8
v =  1, 4, 8, 0, 2, 6, 7, 1, 4, 5, 6, 4, 5, 0, 2, 3, 5, 6, 2, 3, 4, 6, 1, 2, 4, 5, 8, 1, 0, 6
e =  128, 256, 512, 128, 256, 128, 128, 256, 128, 128, 256, 1024, 128, 256, 128, 1024, 128, 256, 128, 128, 128, 1024, 128, 256, 256, 1024, 512, 128, 512, 512
x = 0,0,0,0,0,0,0,0,0
y = 0,0,0,0,0,0,0,0,0
