[general]
path = outputs/system/

[chiplets]
chiplet_count = 7
widths = 	23,	7,	19,	22,	29,	16,	5
heights = 	21,	8,	21,	24,	27,	16,	4
powers = 	146,	131,	84,	96,	90,	57,	32
target_reward = 0
connections = 0,	0,	512,	0,	0,	1024,	0;
			0,	0,	128,	0,	1024,	0,	0;
			512,	128,	0,	128,	0,	0,	256;
			0,	0,	128,	0,	512,	1024,	512;
			0,	1024,	0,	512,	0,	256,	1024;
			1024,	0,	0,	1024,	256,	0,	1024;
			0,	0,	256,	512,	1024,	1024,	0
u =  0, 0, 1, 1, 2, 2, 2, 2, 3, 3, 3, 3, 4, 4, 4, 4, 5, 5, 5, 5, 6, 6, 6, 6
v =  2, 5, 2, 4, 0, 1, 3, 6, 2, 4, 5, 6, 1, 3, 5, 6, 0, 3, 4, 6, 2, 3, 4, 5
e =  512, 1024, 128, 1024, 512, 128, 128, 256, 128, 512, 1024, 512, 1024, 512, 256, 1024, 1024, 1024, 256, 1024, 256, 512, 1024, 1024
x = 0,0,0,0,0,0,0
y = 0,0,0,0,0,0,0
