[general]
path = outputs/system/

[chiplets]
chiplet_count = 8
widths = 	15,	26,	26,	26,	22,	14,	4,	16
heights = 	16,	26,	23,	25,	23,	13,	4,	16
powers = 	157,	127,	97,	11,	101,	80,	24,	141
target_reward = 0
connections = 0,	1024,	1024,	0,	0,	0,	0,	0;
			1024,	0,	0,	0,	256,	0,	512,	0;
			1024,	0,	0,	256,	512,	0,	128,	0;
			0,	0,	256,	0,	256,	256,	256,	0;
			0,	256,	512,	256,	0,	0,	0,	0;
			0,	0,	0,	256,	0,	0,	512,	1024;
			0,	512,	128,	256,	0,	512,	0,	1024;
			0,	0,	0,	0,	0,	1024,	1024,	0
u =  0, 0, 1, 1, 1, 2, 2, 2, 2, 3, 3, 3, 3, 4, 4, 4, 5, 5, 5, 6, 6, 6, 6, 6, 7, 7
v =  1, 2, 0, 4, 6, 0, 3, 4, 6, 2, 4, 5, 6, 1, 2, 3, 3, 6, 7, 1, 2, 3, 5, 7, 5, 6
e =  1024, 1024, 1024, 256, 512, 1024, 256, 512, 128, 256, 256, 256, 256, 256, 512, 256, 256, 512, 1024, 512, 128, 256, 512, 1024, 1024, 1024
x = 0,0,0,0,0,0,0,0
y = 0,0,0,0,0,0,0,0
