[general]
path = outputs/system/

[chiplets]
chiplet_count = 8
widths = 	12,	21,	25,	14,	9,	9,	16,	16
heights = 	10,	25,	30,	13,	9,	8,	15,	16
powers = 	27,	93,	181,	168,	32,	9,	197,	112
target_reward = 0
connections = 0,	0,	256,	0,	0,	128,	0,	0;
			0,	0,	1024,	0,	128,	0,	0,	512;
			256,	1024,	0,	0,	0,	512,	0,	0;
			0,	0,	0,	0,	0,	128,	0,	0;
			0,	128,	0,	0,	0,	512,	256,	0;
			128,	0,	512,	128,	512,	0,	512,	512;
			0,	0,	0,	0,	256,	512,	0,	256;
			0,	512,	0,	0,	0,	512,	256,	0
u =  0, 0, 1, 1, 1, 2, 2, 2, 3, 4, 4, 4, 5, 5, 5, 5, 5, 5, 6, 6, 6, 7, 7, 7
v =  2, 5, 2, 4, 7, 0, 1, 5, 5, 1, 5, 6, 0, 2, 3, 4, 6, 7, 4, 5, 7, 1, 5, 6
e =  256, 128, 1024, 128, 512, 256, 1024, 512, 128, 128, 512, 256, 128, 512, 128, 512, 512, 512, 256, 512, 256, 512, 512, 256
x = 0,0,0,0,0,0,0,0
y = 0,0,0,0,0,0,0,0
