[general]
path = outputs/system/

[chiplets]
chiplet_count = 9
widths = 	4,	24,	25,	30,	5,	30,	24,	23,	18
heights = 	4,	26,	26,	24,	6,	28,	28,	27,	22
powers = 	132,	48,	138,	21,	191,	40,	16,	88,	110
target_reward = 0
connections = 0,	0,	256,	0,	0,	256,	256,	0,	1024;
			0,	0,	256,	0,	0,	0,	0,	0,	0;
			256,	256,	0,	0,	0,	128,	256,	0,	0;
			0,	0,	0,	0,	256,	0,	1024,	0,	0;
			0,	0,	0,	256,	0,	0,	0,	0,	512;
			256,	0,	128,	0,	0,	0,	128,	128,	0;
			256,	0,	256,	1024,	0,	128,	0,	1024,	128;
			0,	0,	0,	0,	0,	128,	1024,	0,	512;
			1024,	0,	0,	0,	512,	0,	128,	512,	0
u =  0, 0, 0, 0, 1, 2, 2, 2, 2, 3, 3, 4, 4, 5, 5, 5, 5, 6, 6, 6, 6, 6, 6, 7, 7, 7, 8, 8, 8, 8
v =  2, 5, 6, 8, 2, 0, 1, 5, 6, 4, 6, 3, 8, 0, 2, 6, 7, 0, 2, 3, 5, 7, 8, 5, 6, 8, 0, 4, 6, 7
e =  256, 256, 256, 1024, 256, 256, 256, 128, 256, 256, 1024, 256, 512, 256, 128, 128, 128, 256, 256, 1024, 128, 1024, 128, 128, 1024, 512, 1024, 512, 128, 512
x = 0,0,0,0,0,0,0,0,0
y = 0,0,0,0,0,0,0,0,0
