[general]
path = outputs/system/

[chiplets]
chiplet_count = 9
widths = 	16,	17,	19,	20,	25,	27,	20,	6,	30
heights = 	18,	20,	19,	23,	21,	22,	19,	6,	24
powers = 	173,	40,	34,	120,	10,	150,	140,	49,	66
target_reward = 0
connections = 0,	0,	128,	1024,	256,	0,	0,	0,	1024;
			0,	0,	0,	0,	0,	1024,	256,	0,	0;
			128,	0,	0,	128,	128,	0,	512,	0,	0;
			1024,	0,	128,	0,	512,	256,	0,	256,	0;
			256,	0,	128,	512,	0,	256,	0,	0,	0;
			0,	1024,	0,	256,	256,	0,	0,	0,	0;
			0,	256,	512,	0,	0,	0,	0,	1024,	128;
			0,	0,	0,	256,	0,	0,	1024,	0,	0;
			1024,	0,	0,	0,	0,	0,	128,	0,	0
u =  0, 0, 0, 0, 1, 1, 2, 2, 2, 2, 3, 3, 3, 3, 3, 4, 4, 4, 4, 5, 5, 5, 6, 6, 6, 6, 7, 7, 8, 8
v =  2, 3, 4, 8, 5, 6, 0, 3, 4, 6, 0, 2, 4, 5, 7, 0, 2, 3, 5, 1, 3, 4, 1, 2, 7, 8, 3, 6, 0, 6
e =  128, 1024, 256, 1024, 1024, 256, 128, 128, 128, 512, 1024, 128, 512, 256, 256, 256, 128, 512, 256, 1024, 256, 256, 256, 512, 1024, 128, 256, 1024, 1024, 128
x = 0,0,0,0,0,0,0,0,0
y = 0,0,0,0,0,0,0,0,0
