[general]
path = outputs/system/

[chiplets]
chiplet_count = 7
widths = 	23,	12,	24,	16,	9,	7,	25
heights = 	28,	14,	22,	15,	11,	7,	24
powers = 	154,	192,	10,	87,	91,	99,	195
target_reward = 0
connections = 0,	512,	128,	0,	0,	256,	0;
			512,	0,	512,	0,	1024,	512,	0;
			128,	512,	0,	256,	0,	0,	0;
			0,	0,	256,	0,	1024,	256,	512;
			0,	1024,	0,	1024,	0,	512,	0;
			256,	512,	0,	256,	512,	0,	1024;
			0,	0,	0,	512,	0,	1024,	0
u =  0, 0, 0, 1, 1, 1, 1, 2, 2, 2, 3, 3, 3, 3, 4, 4, 4, 5, 5, 5, 5, 5, 6, 6
v =  1, 2, 5, 0, 2, 4, 5, 0, 1, 3, 2, 4, 5, 6, 1, 3, 5, 0, 1, 3, 4, 6, 3, 5
e =  512, 128, 256, 512, 512, 1024, 512, 128, 512, 256, 256, 1024, 256, 512, 1024, 1024, 512, 256, 512, 256, 512, 1024, 512, 1024
x = 0,0,0,0,0,0,0
y = 0,0,0,0,0,0,0
