[general]
path = outputs/system/

[chiplets]
chiplet_count = 7
widths = 	19,	22,	23,	18,	16,	20,	24
heights = 	20,	18,	27,	16,	20,	19,	26
powers = 	189,	108,	197,	158,	25,	140,	199
target_reward = 0
connections = 0,	256,	512,	0,	1024,	512,	0;
			256,	0,	1024,	1024,	0,	256,	256;
			512,	1024,	0,	128,	0,	256,	128;
			0,	1024,	128,	0,	0,	0,	0;
			1024,	0,	0,	0,	0,	256,	0;
			512,	256,	256,	0,	256,	0,	0;
			0,	256,	128,	0,	0,	0,	0
u =  0, 0, 0, 0, 1, 1, 1, 1, 1, 2, 2, 2, 2, 2, 3, 3, 4, 4, 5, 5, 5, 5, 6, 6
v =  1, 2, 4, 5, 0, 2, 3, 5, 6, 0, 1, 3, 5, 6, 1, 2, 0, 5, 0, 1, 2, 4, 1, 2
e =  256, 512, 1024, 512, 256, 1024, 1024, 256, 256, 512, 1024, 128, 256, 128, 1024, 128, 1024, 256, 512, 256, 256, 256, 256, 128
x = 0,0,0,0,0,0,0
y = 0,0,0,0,0,0,0
