[general]
path = outputs/system/

[chiplets]
chiplet_count = 8
widths = 	12,	29,	19,	24,	25,	17,	13,	24
heights = 	11,	28,	21,	21,	25,	16,	13,	24
powers = 	188,	50,	59,	34,	191,	51,	159,	136
target_reward = 0
connections = 0,	512,	0,	512,	0,	1024,	0,	0;
			512,	0,	256,	0,	0,	0,	128,	0;
			0,	256,	0,	512,	256,	256,	0,	256;
			512,	0,	512,	0,	0,	0,	0,	0;
			0,	0,	256,	0,	0,	256,	128,	256;
			1024,	0,	256,	0,	256,	0,	512,	128;
			0,	128,	0,	0,	128,	512,	0,	128;
			0,	0,	256,	0,	256,	128,	128,	0
u =  0, 0, 0, 1, 1, 1, 2, 2, 2, 2, 2, 3, 3, 4, 4, 4, 4, 5, 5, 5, 5, 5, 6, 6, 6, 6, 7, 7, 7, 7
v =  1, 3, 5, 0, 2, 6, 1, 3, 4, 5, 7, 0, 2, 2, 5, 6, 7, 0, 2, 4, 6, 7, 1, 4, 5, 7, 2, 4, 5, 6
e =  512, 512, 1024, 512, 256, 128, 256, 512, 256, 256, 256, 512, 512, 256, 256, 128, 256, 1024, 256, 256, 512, 128, 128, 128, 512, 128, 256, 256, 128, 128
x = 0,0,0,0,0,0,0,0
y = 0,0,0,0,0,0,0,0
