[general]
path = outputs/system/

[chiplets]
chiplet_count = 9
widths = 	4,	19,	19,	30,	28,	24,	13,	3,	24
heights = 	5,	22,	18,	30,	27,	22,	16,	3,	23
powers = 	104,	17,	58,	101,	102,	51,	15,	36,	129
target_reward = 0
connections = 0,	0,	0,	0,	0,	0,	256,	0,	0;
			0,	0,	128,	0,	0,	0,	0,	1024,	0;
			0,	128,	0,	128,	0,	128,	0,	256,	0;
			0,	0,	128,	0,	0,	256,	0,	512,	0;
			0,	0,	0,	0,	0,	0,	0,	0,	128;
			0,	0,	128,	256,	0,	0,	1024,	1024,	1024;
			256,	0,	0,	0,	0,	1024,	0,	256,	256;
			0,	1024,	256,	512,	0,	1024,	256,	0,	512;
			0,	0,	0,	0,	128,	1024,	256,	512,	0
u =  0, 1, 1, 2, 2, 2, 2, 3, 3, 3, 4, 5, 5, 5, 5, 5, 6, 6, 6, 6, 7, 7, 7, 7, 7, 7, 8, 8, 8, 8
v =  6, 2, 7, 1, 3, 5, 7, 2, 5, 7, 8, 2, 3, 6, 7, 8, 0, 5, 7, 8, 1, 2, 3, 5, 6, 8, 4, 5, 6, 7
e =  256, 128, 1024, 128, 128, 128, 256, 128, 256, 512, 128, 128, 256, 1024, 1024, 1024, 256, 1024, 256, 256, 1024, 256, 512, 1024, 256, 512, 128, 1024, 256, 512
x = 0,0,0,0,0,0,0,0,0
y = 0,0,0,0,0,0,0,0,0
