[general]
path = outputs/system/

[chiplets]
chiplet_count = 7
widths = 	20,	10,	17,	15,	11,	24,	18
heights = 	25,	12,	15,	18,	13,	28,	20
powers = 	143,	156,	107,	134,	19,	21,	41
target_reward = 0
connections = 0,	0,	0,	1024,	256,	256,	0;
			0,	0,	0,	0,	128,	0,	128;
			0,	0,	0,	0,	256,	128,	0;
			1024,	0,	0,	0,	256,	256,	0;
			256,	128,	256,	256,	0,	1024,	128;
			256,	0,	128,	256,	1024,	0,	512;
			0,	128,	0,	0,	128,	512,	0
u =  0, 0, 0, 1, 1, 2, 2, 3, 3, 3, 4, 4, 4, 4, 4, 4, 5, 5, 5, 5, 5, 6, 6, 6
v =  3, 4, 5, 4, 6, 4, 5, 0, 4, 5, 0, 1, 2, 3, 5, 6, 0, 2, 3, 4, 6, 1, 4, 5
e =  1024, 256, 256, 128, 128, 256, 128, 1024, 256, 256, 256, 128, 256, 256, 1024, 128, 256, 128, 256, 1024, 512, 128, 128, 512
x = 0,0,0,0,0,0,0
y = 0,0,0,0,0,0,0
