[general]
path = outputs/system/

[chiplets]
chiplet_count = 11
widths = 	8,	14,	24,	14,	27,	30,	19,	10,	12,	26,	17
heights = 	8,	15,	28,	16,	24,	28,	22,	8,	13,	29,	17
powers = 	199,	102,	167,	180,	121,	173,	12,	181,	186,	103,	180
target_reward = 0
connections = 0,	0,	128,	0,	128,	0,	0,	1024,	256,	0,	0;
			0,	0,	0,	0,	512,	0,	0,	256,	0,	0,	128;
			128,	0,	0,	128,	1024,	0,	0,	0,	128,	0,	0;
			0,	0,	128,	0,	1024,	128,	0,	1024,	0,	0,	0;
			128,	512,	1024,	1024,	0,	128,	0,	0,	0,	512,	512;
			0,	0,	0,	128,	128,	0,	1024,	0,	0,	512,	0;
			0,	0,	0,	0,	0,	1024,	0,	1024,	0,	0,	0;
			1024,	256,	0,	1024,	0,	0,	1024,	0,	0,	0,	0;
			256,	0,	128,	0,	0,	0,	0,	0,	0,	512,	0;
			0,	0,	0,	0,	512,	512,	0,	0,	512,	0,	0;
			0,	128,	0,	0,	512,	0,	0,	0,	0,	0,	0
u =  0, 0, 0, 0, 1, 1, 1, 2, 2, 2, 2, 3, 3, 3, 3, 4, 4, 4, 4, 4, 4, 4, 5, 5, 5, 5, 6, 6, 7, 7, 7, 7, 8, 8, 8, 9, 9, 9, 10, 10
v =  2, 4, 7, 8, 4, 7, 10, 0, 3, 4, 8, 2, 4, 5, 7, 0, 1, 2, 3, 5, 9, 10, 3, 4, 6, 9, 5, 7, 0, 1, 3, 6, 0, 2, 9, 4, 5, 8, 1, 4
e =  128, 128, 1024, 256, 512, 256, 128, 128, 128, 1024, 128, 128, 1024, 128, 1024, 128, 512, 1024, 1024, 128, 512, 512, 128, 128, 1024, 512, 1024, 1024, 1024, 256, 1024, 1024, 256, 128, 512, 512, 512, 512, 128, 512
x = 0,0,0,0,0,0,0,0,0,0,0
y = 0,0,0,0,0,0,0,0,0,0,0
