[general]
path = outputs/system/

[chiplets]
chiplet_count = 8
widths = 	25,	11,	20,	11,	20,	25,	21,	14
heights = 	26,	9,	24,	12,	20,	26,	19,	12
powers = 	108,	198,	192,	4,	51,	90,	187,	119
target_reward = 0
connections = 0,	0,	0,	0,	0,	256,	256,	512;
			0,	0,	0,	0,	0,	0,	1024,	128;
			0,	0,	0,	0,	0,	128,	0,	0;
			0,	0,	0,	0,	256,	0,	256,	0;
			0,	0,	0,	256,	0,	512,	512,	0;
			256,	0,	128,	0,	512,	0,	1024,	256;
			256,	1024,	0,	256,	512,	1024,	0,	128;
			512,	128,	0,	0,	0,	256,	128,	0
u =  0, 0, 0, 1, 1, 2, 3, 3, 4, 4, 4, 5, 5, 5, 5, 5, 6, 6, 6, 6, 6, 6, 7, 7, 7, 7
v =  5, 6, 7, 6, 7, 5, 4, 6, 3, 5, 6, 0, 2, 4, 6, 7, 0, 1, 3, 4, 5, 7, 0, 1, 5, 6
e =  256, 256, 512, 1024, 128, 128, 256, 256, 256, 512, 512, 256, 128, 512, 1024, 256, 256, 1024, 256, 512, 1024, 128, 512, 128, 256, 128
x = 0,0,0,0,0,0,0,0
y = 0,0,0,0,0,0,0,0
