[general]
path = outputs/system/

[chiplets]
chiplet_count = 8
widths = 	30,	28,	19,	21,	23,	20,	26,	17
heights = 	29,	29,	20,	20,	23,	22,	25,	16
powers = 	27,	11,	15,	48,	46,	10,	194,	96
target_reward = 0
connections = 0,	128,	512,	0,	0,	128,	0,	0;
			128,	0,	128,	128,	512,	0,	0,	256;
			512,	128,	0,	512,	0,	0,	1024,	256;
			0,	128,	512,	0,	0,	0,	0,	256;
			0,	512,	0,	0,	0,	0,	0,	0;
			128,	0,	0,	0,	0,	0,	512,	0;
			0,	0,	1024,	0,	0,	512,	0,	1024;
			0,	256,	256,	256,	0,	0,	1024,	0
u =  0, 0, 0, 1, 1, 1, 1, 1, 2, 2, 2, 2, 2, 3, 3, 3, 4, 5, 5, 6, 6, 6, 7, 7, 7, 7
v =  1, 2, 5, 0, 2, 3, 4, 7, 0, 1, 3, 6, 7, 1, 2, 7, 1, 0, 6, 2, 5, 7, 1, 2, 3, 6
e =  128, 512, 128, 128, 128, 128, 512, 256, 512, 128, 512, 1024, 256, 128, 512, 256, 512, 128, 512, 1024, 512, 1024, 256, 256, 256, 1024
x = 0,0,0,0,0,0,0,0
y = 0,0,0,0,0,0,0,0
