[general]
path = outputs/system/

[chiplets]
chiplet_count = 8
widths = 	19,	27,	22,	17,	18,	14,	17,	21
heights = 	21,	26,	22,	20,	18,	16,	19,	24
powers = 	145,	124,	111,	60,	187,	179,	165,	174
target_reward = 0
connections = 0,	256,	512,	256,	512,	1024,	0,	0;
			256,	0,	128,	1024,	512,	0,	0,	256;
			512,	128,	0,	1024,	128,	512,	512,	0;
			256,	1024,	1024,	0,	512,	0,	256,	1024;
			512,	512,	128,	512,	0,	0,	0,	0;
			1024,	0,	512,	0,	0,	0,	512,	0;
			0,	0,	512,	256,	0,	512,	0,	1024;
			0,	256,	0,	1024,	0,	0,	1024,	0
u =  0, 0, 0, 0, 0, 1, 1, 1, 1, 1, 2, 2, 2, 2, 2, 2, 3, 3, 3, 3, 3, 3, 4, 4, 4, 4, 5, 5, 5, 6, 6, 6, 6, 7, 7, 7
v =  1, 2, 3, 4, 5, 0, 2, 3, 4, 7, 0, 1, 3, 4, 5, 6, 0, 1, 2, 4, 6, 7, 0, 1, 2, 3, 0, 2, 6, 2, 3, 5, 7, 1, 3, 6
e =  256, 512, 256, 512, 1024, 256, 128, 1024, 512, 256, 512, 128, 1024, 128, 512, 512, 256, 1024, 1024, 512, 256, 1024, 512, 512, 128, 512, 1024, 512, 512, 512, 256, 512, 1024, 256, 1024, 1024
x = 0,0,0,0,0,0,0,0
y = 0,0,0,0,0,0,0,0
