[general]
path = outputs/system/

[chiplets]
chiplet_count = 9
widths = 	27,	5,	23,	11,	18,	25,	15,	5,	19
heights = 	28,	6,	28,	13,	17,	30,	12,	6,	23
powers = 	154,	4,	17,	50,	63,	42,	176,	18,	105
target_reward = 0
connections = 0,	0,	0,	0,	0,	256,	128,	1024,	0;
			0,	0,	1024,	512,	0,	256,	0,	1024,	0;
			0,	1024,	0,	128,	256,	0,	0,	0,	256;
			0,	512,	128,	0,	512,	256,	256,	0,	0;
			0,	0,	256,	512,	0,	0,	0,	0,	0;
			256,	256,	0,	256,	0,	0,	256,	0,	512;
			128,	0,	0,	256,	0,	256,	0,	0,	256;
			1024,	1024,	0,	0,	0,	0,	0,	0,	256;
			0,	0,	256,	0,	0,	512,	256,	256,	0
u =  0, 0, 0, 1, 1, 1, 1, 2, 2, 2, 2, 3, 3, 3, 3, 3, 4, 4, 5, 5, 5, 5, 5, 6, 6, 6, 6, 7, 7, 7, 8, 8, 8, 8
v =  5, 6, 7, 2, 3, 5, 7, 1, 3, 4, 8, 1, 2, 4, 5, 6, 2, 3, 0, 1, 3, 6, 8, 0, 3, 5, 8, 0, 1, 8, 2, 5, 6, 7
e =  256, 128, 1024, 1024, 512, 256, 1024, 1024, 128, 256, 256, 512, 128, 512, 256, 256, 256, 512, 256, 256, 256, 256, 512, 128, 256, 256, 256, 1024, 1024, 256, 256, 512, 256, 256
x = 0,0,0,0,0,0,0,0,0
y = 0,0,0,0,0,0,0,0,0
