[general]
path = outputs/system/

[chiplets]
chiplet_count = 7
widths = 	12,	15,	19,	30,	20,	23,	15
heights = 	10,	13,	22,	24,	17,	22,	13
powers = 	64,	164,	81,	61,	171,	96,	178
target_reward = 0
connections = 0,	0,	1024,	256,	256,	0,	0;
			0,	0,	512,	1024,	0,	0,	0;
			1024,	512,	0,	0,	128,	1024,	0;
			256,	1024,	0,	0,	1024,	512,	1024;
			256,	0,	128,	1024,	0,	1024,	0;
			0,	0,	1024,	512,	1024,	0,	512;
			0,	0,	0,	1024,	0,	512,	0
u =  0, 0, 0, 1, 1, 2, 2, 2, 2, 3, 3, 3, 3, 3, 4, 4, 4, 4, 5, 5, 5, 5, 6, 6
v =  2, 3, 4, 2, 3, 0, 1, 4, 5, 0, 1, 4, 5, 6, 0, 2, 3, 5, 2, 3, 4, 6, 3, 5
e =  1024, 256, 256, 512, 1024, 1024, 512, 128, 1024, 256, 1024, 1024, 512, 1024, 256, 128, 1024, 1024, 1024, 512, 1024, 512, 1024, 512
x = 0,0,0,0,0,0,0
y = 0,0,0,0,0,0,0
