[general]
path = outputs/system/

[chiplets]
chiplet_count = 7
widths = 	22,	26,	21,	30,	14,	19,	25
heights = 	25,	22,	21,	30,	17,	18,	29
powers = 	2,	8,	166,	39,	178,	82,	89
target_reward = 0
connections = 0,	256,	256,	0,	0,	1024,	128;
			256,	0,	128,	0,	0,	0,	0;
			256,	128,	0,	128,	512,	0,	0;
			0,	0,	128,	0,	128,	128,	1024;
			0,	0,	512,	128,	0,	256,	256;
			1024,	0,	0,	128,	256,	0,	0;
			128,	0,	0,	1024,	256,	0,	0
u =  0, 0, 0, 0, 1, 1, 2, 2, 2, 2, 3, 3, 3, 3, 4, 4, 4, 4, 5, 5, 5, 6, 6, 6
v =  1, 2, 5, 6, 0, 2, 0, 1, 3, 4, 2, 4, 5, 6, 2, 3, 5, 6, 0, 3, 4, 0, 3, 4
e =  256, 256, 1024, 128, 256, 128, 256, 128, 128, 512, 128, 128, 128, 1024, 512, 128, 256, 256, 1024, 128, 256, 128, 1024, 256
x = 0,0,0,0,0,0,0
y = 0,0,0,0,0,0,0
