[general]
path = outputs/system/

[chiplets]
chiplet_count = 10
widths = 	21,	16,	18,	13,	15,	27,	27,	14,	27,	11
heights = 	20,	19,	15,	13,	15,	26,	28,	15,	23,	13
powers = 	75,	129,	186,	178,	48,	175,	76,	119,	16,	100
target_reward = 0
connections = 0,	512,	256,	0,	0,	512,	0,	0,	0,	0;
			512,	0,	1024,	0,	0,	128,	0,	0,	1024,	128;
			256,	1024,	0,	128,	0,	512,	0,	0,	0,	1024;
			0,	0,	128,	0,	0,	1024,	256,	0,	512,	0;
			0,	0,	0,	0,	0,	256,	0,	0,	0,	0;
			512,	128,	512,	1024,	256,	0,	0,	1024,	0,	0;
			0,	0,	0,	256,	0,	0,	0,	128,	256,	0;
			0,	0,	0,	0,	0,	1024,	128,	0,	1024,	128;
			0,	1024,	0,	512,	0,	0,	256,	1024,	0,	512;
			0,	128,	1024,	0,	0,	0,	0,	128,	512,	0
u =  0, 0, 0, 1, 1, 1, 1, 1, 2, 2, 2, 2, 2, 3, 3, 3, 3, 4, 5, 5, 5, 5, 5, 5, 6, 6, 6, 7, 7, 7, 7, 8, 8, 8, 8, 8, 9, 9, 9, 9
v =  1, 2, 5, 0, 2, 5, 8, 9, 0, 1, 3, 5, 9, 2, 5, 6, 8, 5, 0, 1, 2, 3, 4, 7, 3, 7, 8, 5, 6, 8, 9, 1, 3, 6, 7, 9, 1, 2, 7, 8
e =  512, 256, 512, 512, 1024, 128, 1024, 128, 256, 1024, 128, 512, 1024, 128, 1024, 256, 512, 256, 512, 128, 512, 1024, 256, 1024, 256, 128, 256, 1024, 128, 1024, 128, 1024, 512, 256, 1024, 512, 128, 1024, 128, 512
x = 0,0,0,0,0,0,0,0,0,0
y = 0,0,0,0,0,0,0,0,0,0
