[general]
path = outputs/system/

[chiplets]
chiplet_count = 9
widths = 	18,	12,	15,	17,	21,	15,	24,	6,	14
heights = 	21,	15,	13,	19,	18,	13,	25,	7,	17
powers = 	187,	35,	91,	124,	83,	31,	6,	42,	78
target_reward = 0
connections = 0,	256,	512,	512,	0,	512,	0,	128,	0;
			256,	0,	128,	128,	0,	0,	0,	0,	512;
			512,	128,	0,	1024,	1024,	0,	0,	0,	128;
			512,	128,	1024,	0,	0,	0,	128,	0,	0;
			0,	0,	1024,	0,	0,	256,	0,	512,	0;
			512,	0,	0,	0,	256,	0,	0,	0,	512;
			0,	0,	0,	128,	0,	0,	0,	1024,	0;
			128,	0,	0,	0,	512,	0,	1024,	0,	0;
			0,	512,	128,	0,	0,	512,	0,	0,	0
u =  0, 0, 0, 0, 0, 1, 1, 1, 1, 2, 2, 2, 2, 2, 3, 3, 3, 3, 4, 4, 4, 5, 5, 5, 6, 6, 7, 7, 7, 8, 8, 8
v =  1, 2, 3, 5, 7, 0, 2, 3, 8, 0, 1, 3, 4, 8, 0, 1, 2, 6, 2, 5, 7, 0, 4, 8, 3, 7, 0, 4, 6, 1, 2, 5
e =  256, 512, 512, 512, 128, 256, 128, 128, 512, 512, 128, 1024, 1024, 128, 512, 128, 1024, 128, 1024, 256, 512, 512, 256, 512, 128, 1024, 128, 512, 1024, 512, 128, 512
x = 0,0,0,0,0,0,0,0,0
y = 0,0,0,0,0,0,0,0,0
