[general]
path = outputs/system/

[chiplets]
chiplet_count = 9
widths = 	15,	29,	10,	30,	11,	16,	27,	28,	20
heights = 	12,	26,	8,	26,	9,	16,	28,	28,	18
powers = 	199,	159,	166,	152,	46,	4,	179,	160,	157
target_reward = 0
connections = 0,	1024,	0,	256,	0,	0,	0,	0,	1024;
			1024,	0,	0,	0,	256,	0,	1024,	0,	512;
			0,	0,	0,	128,	0,	1024,	0,	512,	0;
			256,	0,	128,	0,	1024,	0,	128,	0,	0;
			0,	256,	0,	1024,	0,	256,	1024,	0,	128;
			0,	0,	1024,	0,	256,	0,	256,	0,	0;
			0,	1024,	0,	128,	1024,	256,	0,	1024,	512;
			0,	0,	512,	0,	0,	0,	1024,	0,	1024;
			1024,	512,	0,	0,	128,	0,	512,	1024,	0
u =  0, 0, 0, 1, 1, 1, 1, 2, 2, 2, 3, 3, 3, 3, 4, 4, 4, 4, 4, 5, 5, 5, 6, 6, 6, 6, 6, 6, 7, 7, 7, 8, 8, 8, 8, 8
v =  1, 3, 8, 0, 4, 6, 8, 3, 5, 7, 0, 2, 4, 6, 1, 3, 5, 6, 8, 2, 4, 6, 1, 3, 4, 5, 7, 8, 2, 6, 8, 0, 1, 4, 6, 7
e =  1024, 256, 1024, 1024, 256, 1024, 512, 128, 1024, 512, 256, 128, 1024, 128, 256, 1024, 256, 1024, 128, 1024, 256, 256, 1024, 128, 1024, 256, 1024, 512, 512, 1024, 1024, 1024, 512, 128, 512, 1024
x = 0,0,0,0,0,0,0,0,0
y = 0,0,0,0,0,0,0,0,0
