[general]
path = outputs/system/

[chiplets]
chiplet_count = 10
widths = 	16,	28,	27,	24,	18,	18,	28,	17,	21,	24
heights = 	14,	28,	28,	28,	18,	15,	27,	20,	19,	26
powers = 	148,	146,	148,	159,	188,	76,	192,	3,	193,	54
target_reward = 0
connections = 0,	1024,	0,	128,	128,	128,	0,	0,	0,	0;
			1024,	0,	0,	0,	0,	0,	256,	256,	0,	0;
			0,	0,	0,	512,	0,	0,	256,	0,	0,	0;
			128,	0,	512,	0,	1024,	256,	0,	0,	1024,	0;
			128,	0,	0,	1024,	0,	256,	128,	0,	0,	0;
			128,	0,	0,	256,	256,	0,	256,	0,	128,	512;
			0,	256,	256,	0,	128,	256,	0,	0,	0,	0;
			0,	256,	0,	0,	0,	0,	0,	0,	512,	128;
			0,	0,	0,	1024,	0,	128,	0,	512,	0,	0;
			0,	0,	0,	0,	0,	512,	0,	128,	0,	0
u =  0, 0, 0, 0, 1, 1, 1, 2, 2, 3, 3, 3, 3, 3, 4, 4, 4, 4, 5, 5, 5, 5, 5, 5, 6, 6, 6, 6, 7, 7, 7, 8, 8, 8, 9, 9
v =  1, 3, 4, 5, 0, 6, 7, 3, 6, 0, 2, 4, 5, 8, 0, 3, 5, 6, 0, 3, 4, 6, 8, 9, 1, 2, 4, 5, 1, 8, 9, 3, 5, 7, 5, 7
e =  1024, 128, 128, 128, 1024, 256, 256, 512, 256, 128, 512, 1024, 256, 1024, 128, 1024, 256, 128, 128, 256, 256, 256, 128, 512, 256, 256, 128, 256, 256, 512, 128, 1024, 128, 512, 512, 128
x = 0,0,0,0,0,0,0,0,0,0
y = 0,0,0,0,0,0,0,0,0,0
