[general]
path = outputs/system/

[chiplets]
chiplet_count = 8
widths = 	30,	24,	24,	21,	20,	29,	10,	23
heights = 	24,	22,	23,	18,	19,	30,	10,	22
powers = 	110,	98,	126,	189,	36,	98,	140,	156
target_reward = 0
connections = 0,	256,	1024,	256,	0,	256,	1024,	0;
			256,	0,	256,	0,	0,	0,	0,	0;
			1024,	256,	0,	256,	512,	256,	0,	0;
			256,	0,	256,	0,	512,	0,	1024,	0;
			0,	0,	512,	512,	0,	0,	0,	0;
			256,	0,	256,	0,	0,	0,	256,	0;
			1024,	0,	0,	1024,	0,	256,	0,	1024;
			0,	0,	0,	0,	0,	0,	1024,	0
u =  0, 0, 0, 0, 0, 1, 1, 2, 2, 2, 2, 2, 3, 3, 3, 3, 4, 4, 5, 5, 5, 6, 6, 6, 6, 7
v =  1, 2, 3, 5, 6, 0, 2, 0, 1, 3, 4, 5, 0, 2, 4, 6, 2, 3, 0, 2, 6, 0, 3, 5, 7, 6
e =  256, 1024, 256, 256, 1024, 256, 256, 1024, 256, 256, 512, 256, 256, 256, 512, 1024, 512, 512, 256, 256, 256, 1024, 1024, 256, 1024, 1024
x = 0,0,0,0,0,0,0,0
y = 0,0,0,0,0,0,0,0
