[general]
path = outputs/system/

[chiplets]
chiplet_count = 9
widths = 	24,	21,	16,	24,	21,	11,	28,	17,	5
heights = 	25,	24,	16,	25,	21,	10,	23,	20,	4
powers = 	68,	107,	156,	142,	140,	142,	70,	43,	80
target_reward = 0
connections = 0,	0,	0,	0,	512,	512,	0,	1024,	1024;
			0,	0,	128,	256,	128,	0,	0,	0,	256;
			0,	128,	0,	256,	1024,	0,	128,	0,	256;
			0,	256,	256,	0,	256,	512,	0,	0,	0;
			512,	128,	1024,	256,	0,	0,	0,	0,	0;
			512,	0,	0,	512,	0,	0,	1024,	512,	512;
			0,	0,	128,	0,	0,	1024,	0,	0,	1024;
			1024,	0,	0,	0,	0,	512,	0,	0,	256;
			1024,	256,	256,	0,	0,	512,	1024,	256,	0
u =  0, 0, 0, 0, 1, 1, 1, 1, 2, 2, 2, 2, 2, 3, 3, 3, 3, 4, 4, 4, 4, 5, 5, 5, 5, 5, 6, 6, 6, 7, 7, 7, 8, 8, 8, 8, 8, 8
v =  4, 5, 7, 8, 2, 3, 4, 8, 1, 3, 4, 6, 8, 1, 2, 4, 5, 0, 1, 2, 3, 0, 3, 6, 7, 8, 2, 5, 8, 0, 5, 8, 0, 1, 2, 5, 6, 7
e =  512, 512, 1024, 1024, 128, 256, 128, 256, 128, 256, 1024, 128, 256, 256, 256, 256, 512, 512, 128, 1024, 256, 512, 512, 1024, 512, 512, 128, 1024, 1024, 1024, 512, 256, 1024, 256, 256, 512, 1024, 256
x = 0,0,0,0,0,0,0,0,0
y = 0,0,0,0,0,0,0,0,0
