[general]
path = outputs/system/

[chiplets]
chiplet_count = 7
widths = 	24,	18,	28,	20,	21,	28,	15
heights = 	26,	20,	23,	25,	18,	30,	15
powers = 	154,	43,	166,	91,	81,	163,	108
target_reward = 0
connections = 0,	1024,	0,	0,	512,	1024,	1024;
			1024,	0,	256,	256,	256,	0,	0;
			0,	256,	0,	0,	0,	1024,	128;
			0,	256,	0,	0,	128,	1024,	256;
			512,	256,	0,	128,	0,	1024,	256;
			1024,	0,	1024,	1024,	1024,	0,	128;
			1024,	0,	128,	256,	256,	128,	0
u =  0, 0, 0, 0, 1, 1, 1, 1, 2, 2, 2, 3, 3, 3, 3, 4, 4, 4, 4, 4, 5, 5, 5, 5, 5, 6, 6, 6, 6, 6
v =  1, 4, 5, 6, 0, 2, 3, 4, 1, 5, 6, 1, 4, 5, 6, 0, 1, 3, 5, 6, 0, 2, 3, 4, 6, 0, 2, 3, 4, 5
e =  1024, 512, 1024, 1024, 1024, 256, 256, 256, 256, 1024, 128, 256, 128, 1024, 256, 512, 256, 128, 1024, 256, 1024, 1024, 1024, 1024, 128, 1024, 128, 256, 256, 128
x = 0,0,0,0,0,0,0
y = 0,0,0,0,0,0,0
