[general]
path = outputs/system/

[chiplets]
chiplet_count = 9
widths = 	24,	21,	18,	29,	26,	15,	26,	30,	23
heights = 	25,	23,	20,	29,	29,	15,	22,	25,	28
powers = 	171,	184,	57,	7,	27,	31,	154,	89,	90
target_reward = 0
connections = 0,	512,	128,	0,	0,	0,	1024,	1024,	256;
			512,	0,	1024,	1024,	512,	1024,	0,	0,	0;
			128,	1024,	0,	0,	0,	0,	512,	0,	1024;
			0,	1024,	0,	0,	0,	1024,	0,	0,	0;
			0,	512,	0,	0,	0,	0,	0,	0,	256;
			0,	1024,	0,	1024,	0,	0,	1024,	512,	0;
			1024,	0,	512,	0,	0,	1024,	0,	128,	512;
			1024,	0,	0,	0,	0,	512,	128,	0,	0;
			256,	0,	1024,	0,	256,	0,	512,	0,	0
u =  0, 0, 0, 0, 0, 1, 1, 1, 1, 1, 2, 2, 2, 2, 3, 3, 4, 4, 5, 5, 5, 5, 6, 6, 6, 6, 6, 7, 7, 7, 8, 8, 8, 8
v =  1, 2, 6, 7, 8, 0, 2, 3, 4, 5, 0, 1, 6, 8, 1, 5, 1, 8, 1, 3, 6, 7, 0, 2, 5, 7, 8, 0, 5, 6, 0, 2, 4, 6
e =  512, 128, 1024, 1024, 256, 512, 1024, 1024, 512, 1024, 128, 1024, 512, 1024, 1024, 1024, 512, 256, 1024, 1024, 1024, 512, 1024, 512, 1024, 128, 512, 1024, 512, 128, 256, 1024, 256, 512
x = 0,0,0,0,0,0,0,0,0
y = 0,0,0,0,0,0,0,0,0
