[general]
path = outputs/system/

[chiplets]
chiplet_count = 9
widths = 	23,	16,	19,	5,	27,	20,	4,	9,	21
heights = 	24,	20,	18,	6,	22,	21,	4,	9,	22
powers = 	47,	129,	24,	71,	73,	193,	96,	136,	2
target_reward = 0
connections = 0,	512,	256,	1024,	0,	512,	0,	256,	256;
			512,	0,	512,	0,	512,	0,	512,	0,	0;
			256,	512,	0,	0,	0,	0,	0,	0,	0;
			1024,	0,	0,	0,	1024,	0,	0,	0,	0;
			0,	512,	0,	1024,	0,	0,	0,	256,	0;
			512,	0,	0,	0,	0,	0,	1024,	512,	0;
			0,	512,	0,	0,	0,	1024,	0,	256,	512;
			256,	0,	0,	0,	256,	512,	256,	0,	128;
			256,	0,	0,	0,	0,	0,	512,	128,	0
u =  0, 0, 0, 0, 0, 0, 1, 1, 1, 1, 2, 2, 3, 3, 4, 4, 4, 5, 5, 5, 6, 6, 6, 6, 7, 7, 7, 7, 7, 8, 8, 8
v =  1, 2, 3, 5, 7, 8, 0, 2, 4, 6, 0, 1, 0, 4, 1, 3, 7, 0, 6, 7, 1, 5, 7, 8, 0, 4, 5, 6, 8, 0, 6, 7
e =  512, 256, 1024, 512, 256, 256, 512, 512, 512, 512, 256, 512, 1024, 1024, 512, 1024, 256, 512, 1024, 512, 512, 1024, 256, 512, 256, 256, 512, 256, 128, 256, 512, 128
x = 0,0,0,0,0,0,0,0,0
y = 0,0,0,0,0,0,0,0,0
