[general]
path = outputs/system/

[chiplets]
chiplet_count = 9
widths = 	8,	13,	28,	21,	30,	24,	22,	11,	5
heights = 	9,	13,	24,	23,	27,	27,	26,	13,	6
powers = 	167,	180,	102,	87,	130,	11,	167,	97,	182
target_reward = 0
connections = 0,	0,	512,	0,	0,	0,	0,	0,	256;
			0,	0,	0,	256,	0,	0,	0,	0,	0;
			512,	0,	0,	512,	1024,	512,	512,	0,	0;
			0,	256,	512,	0,	256,	1024,	0,	0,	256;
			0,	0,	1024,	256,	0,	128,	1024,	0,	0;
			0,	0,	512,	1024,	128,	0,	0,	512,	0;
			0,	0,	512,	0,	1024,	0,	0,	0,	0;
			0,	0,	0,	0,	0,	512,	0,	0,	1024;
			256,	0,	0,	256,	0,	0,	0,	1024,	0
u =  0, 0, 1, 2, 2, 2, 2, 2, 3, 3, 3, 3, 3, 4, 4, 4, 4, 5, 5, 5, 5, 6, 6, 7, 7, 8, 8, 8
v =  2, 8, 3, 0, 3, 4, 5, 6, 1, 2, 4, 5, 8, 2, 3, 5, 6, 2, 3, 4, 7, 2, 4, 5, 8, 0, 3, 7
e =  512, 256, 256, 512, 512, 1024, 512, 512, 256, 512, 256, 1024, 256, 1024, 256, 128, 1024, 512, 1024, 128, 512, 512, 1024, 512, 1024, 256, 256, 1024
x = 0,0,0,0,0,0,0,0,0
y = 0,0,0,0,0,0,0,0,0
