[general]
path = outputs/system/

[chiplets]
chiplet_count = 10
widths = 	12,	8,	13,	28,	26,	15,	10,	22,	20,	24
heights = 	13,	9,	13,	23,	23,	17,	10,	24,	16,	28
powers = 	78,	35,	121,	76,	104,	13,	21,	184,	59,	112
target_reward = 0
connections = 0,	0,	128,	128,	0,	0,	0,	0,	0,	256;
			0,	0,	0,	1024,	512,	128,	0,	0,	128,	0;
			128,	0,	0,	512,	0,	512,	0,	0,	0,	0;
			128,	1024,	512,	0,	0,	0,	512,	0,	0,	0;
			0,	512,	0,	0,	0,	0,	0,	0,	512,	0;
			0,	128,	512,	0,	0,	0,	256,	0,	0,	0;
			0,	0,	0,	512,	0,	256,	0,	256,	512,	512;
			0,	0,	0,	0,	0,	0,	256,	0,	512,	1024;
			0,	128,	0,	0,	512,	0,	512,	512,	0,	128;
			256,	0,	0,	0,	0,	0,	512,	1024,	128,	0
u =  0, 0, 0, 1, 1, 1, 1, 2, 2, 2, 3, 3, 3, 3, 4, 4, 5, 5, 5, 6, 6, 6, 6, 6, 7, 7, 7, 8, 8, 8, 8, 8, 9, 9, 9, 9
v =  2, 3, 9, 3, 4, 5, 8, 0, 3, 5, 0, 1, 2, 6, 1, 8, 1, 2, 6, 3, 5, 7, 8, 9, 6, 8, 9, 1, 4, 6, 7, 9, 0, 6, 7, 8
e =  128, 128, 256, 1024, 512, 128, 128, 128, 512, 512, 128, 1024, 512, 512, 512, 512, 128, 512, 256, 512, 256, 256, 512, 512, 256, 512, 1024, 128, 512, 512, 512, 128, 256, 512, 1024, 128
x = 0,0,0,0,0,0,0,0,0,0
y = 0,0,0,0,0,0,0,0,0,0
