[general]
path = outputs/system/

[chiplets]
chiplet_count = 8
widths = 	24,	9,	27,	20,	24,	25,	16,	24
heights = 	25,	8,	30,	19,	20,	25,	13,	24
powers = 	80,	94,	58,	6,	183,	23,	147,	37
target_reward = 0
connections = 0,	0,	0,	1024,	128,	512,	1024,	0;
			0,	0,	512,	512,	1024,	256,	0,	1024;
			0,	512,	0,	256,	1024,	0,	0,	0;
			1024,	512,	256,	0,	0,	0,	128,	512;
			128,	1024,	1024,	0,	0,	128,	128,	0;
			512,	256,	0,	0,	128,	0,	1024,	256;
			1024,	0,	0,	128,	128,	1024,	0,	512;
			0,	1024,	0,	512,	0,	256,	512,	0
u =  0, 0, 0, 0, 1, 1, 1, 1, 1, 2, 2, 2, 3, 3, 3, 3, 3, 4, 4, 4, 4, 4, 5, 5, 5, 5, 5, 6, 6, 6, 6, 6, 7, 7, 7, 7
v =  3, 4, 5, 6, 2, 3, 4, 5, 7, 1, 3, 4, 0, 1, 2, 6, 7, 0, 1, 2, 5, 6, 0, 1, 4, 6, 7, 0, 3, 4, 5, 7, 1, 3, 5, 6
e =  1024, 128, 512, 1024, 512, 512, 1024, 256, 1024, 512, 256, 1024, 1024, 512, 256, 128, 512, 128, 1024, 1024, 128, 128, 512, 256, 128, 1024, 256, 1024, 128, 128, 1024, 512, 1024, 512, 256, 512
x = 0,0,0,0,0,0,0,0
y = 0,0,0,0,0,0,0,0
