[general]
path = outputs/system/

[chiplets]
chiplet_count = 10
widths = 	8,	24,	22,	3,	24,	17,	30,	15,	30,	19
heights = 	10,	25,	20,	3,	26,	20,	27,	14,	26,	16
powers = 	78,	38,	161,	144,	96,	128,	140,	186,	15,	43
target_reward = 0
connections = 0,	128,	0,	0,	0,	128,	0,	128,	0,	0;
			128,	0,	256,	128,	0,	0,	1024,	0,	256,	128;
			0,	256,	0,	1024,	1024,	0,	128,	128,	0,	0;
			0,	128,	1024,	0,	512,	0,	0,	0,	0,	128;
			0,	0,	1024,	512,	0,	0,	1024,	128,	1024,	0;
			128,	0,	0,	0,	0,	0,	0,	0,	0,	0;
			0,	1024,	128,	0,	1024,	0,	0,	256,	0,	0;
			128,	0,	128,	0,	128,	0,	256,	0,	0,	0;
			0,	256,	0,	0,	1024,	0,	0,	0,	0,	0;
			0,	128,	0,	128,	0,	0,	0,	0,	0,	0
u =  0, 0, 0, 1, 1, 1, 1, 1, 1, 2, 2, 2, 2, 2, 3, 3, 3, 3, 4, 4, 4, 4, 4, 5, 6, 6, 6, 6, 7, 7, 7, 7, 8, 8, 9, 9
v =  1, 5, 7, 0, 2, 3, 6, 8, 9, 1, 3, 4, 6, 7, 1, 2, 4, 9, 2, 3, 6, 7, 8, 0, 1, 2, 4, 7, 0, 2, 4, 6, 1, 4, 1, 3
e =  128, 128, 128, 128, 256, 128, 1024, 256, 128, 256, 1024, 1024, 128, 128, 128, 1024, 512, 128, 1024, 512, 1024, 128, 1024, 128, 1024, 128, 1024, 256, 128, 128, 128, 256, 256, 1024, 128, 128
x = 0,0,0,0,0,0,0,0,0,0
y = 0,0,0,0,0,0,0,0,0,0
