[general]
path = outputs/system/

[chiplets]
chiplet_count = 8
widths = 	8,	19,	16,	16,	18,	14,	12,	13
heights = 	7,	18,	16,	13,	21,	17,	11,	14
powers = 	104,	75,	166,	95,	24,	113,	75,	36
target_reward = 0
connections = 0,	0,	1024,	0,	0,	0,	0,	128;
			0,	0,	0,	0,	0,	0,	256,	256;
			1024,	0,	0,	0,	512,	256,	0,	512;
			0,	0,	0,	0,	1024,	512,	0,	0;
			0,	0,	512,	1024,	0,	128,	512,	512;
			0,	0,	256,	512,	128,	0,	128,	0;
			0,	256,	0,	0,	512,	128,	0,	0;
			128,	256,	512,	0,	512,	0,	0,	0
u =  0, 0, 1, 1, 2, 2, 2, 2, 3, 3, 4, 4, 4, 4, 4, 5, 5, 5, 5, 6, 6, 6, 7, 7, 7, 7
v =  2, 7, 6, 7, 0, 4, 5, 7, 4, 5, 2, 3, 5, 6, 7, 2, 3, 4, 6, 1, 4, 5, 0, 1, 2, 4
e =  1024, 128, 256, 256, 1024, 512, 256, 512, 1024, 512, 512, 1024, 128, 512, 512, 256, 512, 128, 128, 256, 512, 128, 128, 256, 512, 512
x = 0,0,0,0,0,0,0,0
y = 0,0,0,0,0,0,0,0
