[general]
path = outputs/system/

[chiplets]
chiplet_count = 8
widths = 	18,	21,	10,	11,	9,	19,	18,	16
heights = 	15,	22,	12,	13,	10,	23,	20,	15
powers = 	39,	174,	192,	78,	98,	180,	67,	149
target_reward = 0
connections = 0,	1024,	256,	0,	0,	0,	0,	0;
			1024,	0,	512,	512,	0,	0,	128,	256;
			256,	512,	0,	256,	0,	256,	0,	0;
			0,	512,	256,	0,	512,	0,	0,	0;
			0,	0,	0,	512,	0,	256,	0,	128;
			0,	0,	256,	0,	256,	0,	128,	512;
			0,	128,	0,	0,	0,	128,	0,	0;
			0,	256,	0,	0,	128,	512,	0,	0
u =  0, 0, 1, 1, 1, 1, 1, 2, 2, 2, 2, 3, 3, 3, 4, 4, 4, 5, 5, 5, 5, 6, 6, 7, 7, 7
v =  1, 2, 0, 2, 3, 6, 7, 0, 1, 3, 5, 1, 2, 4, 3, 5, 7, 2, 4, 6, 7, 1, 5, 1, 4, 5
e =  1024, 256, 1024, 512, 512, 128, 256, 256, 512, 256, 256, 512, 256, 512, 512, 256, 128, 256, 256, 128, 512, 128, 128, 256, 128, 512
x = 0,0,0,0,0,0,0,0
y = 0,0,0,0,0,0,0,0
