[general]
path = outputs/system/

[chiplets]
chiplet_count = 9
widths = 	26,	23,	10,	19,	19,	28,	28,	27,	5
heights = 	30,	27,	9,	22,	17,	27,	29,	28,	6
powers = 	200,	63,	185,	194,	143,	156,	141,	40,	10
target_reward = 0
connections = 0,	0,	0,	0,	256,	256,	1024,	128,	0;
			0,	0,	0,	0,	512,	128,	256,	0,	512;
			0,	0,	0,	0,	0,	256,	0,	256,	0;
			0,	0,	0,	0,	1024,	1024,	0,	0,	0;
			256,	512,	0,	1024,	0,	0,	512,	0,	512;
			256,	128,	256,	1024,	0,	0,	128,	128,	0;
			1024,	256,	0,	0,	512,	128,	0,	512,	128;
			128,	0,	256,	0,	0,	128,	512,	0,	512;
			0,	512,	0,	0,	512,	0,	128,	512,	0
u =  0, 0, 0, 0, 1, 1, 1, 1, 2, 2, 3, 3, 4, 4, 4, 4, 4, 5, 5, 5, 5, 5, 5, 6, 6, 6, 6, 6, 6, 7, 7, 7, 7, 7, 8, 8, 8, 8
v =  4, 5, 6, 7, 4, 5, 6, 8, 5, 7, 4, 5, 0, 1, 3, 6, 8, 0, 1, 2, 3, 6, 7, 0, 1, 4, 5, 7, 8, 0, 2, 5, 6, 8, 1, 4, 6, 7
e =  256, 256, 1024, 128, 512, 128, 256, 512, 256, 256, 1024, 1024, 256, 512, 1024, 512, 512, 256, 128, 256, 1024, 128, 128, 1024, 256, 512, 128, 512, 128, 128, 256, 128, 512, 512, 512, 512, 128, 512
x = 0,0,0,0,0,0,0,0,0
y = 0,0,0,0,0,0,0,0,0
