[general]
path = outputs/system/

[chiplets]
chiplet_count = 10
widths = 	18,	19,	28,	10,	24,	29,	20,	24,	25,	30
heights = 	19,	16,	25,	8,	28,	28,	24,	21,	28,	27
powers = 	55,	129,	6,	79,	7,	182,	82,	139,	195,	8
target_reward = 0
connections = 0,	0,	0,	1024,	256,	0,	0,	0,	0,	1024;
			0,	0,	0,	0,	0,	0,	0,	0,	128,	1024;
			0,	0,	0,	0,	128,	0,	0,	512,	0,	0;
			1024,	0,	0,	0,	0,	0,	0,	0,	512,	0;
			256,	0,	128,	0,	0,	0,	256,	0,	1024,	256;
			0,	0,	0,	0,	0,	0,	0,	0,	0,	512;
			0,	0,	0,	0,	256,	0,	0,	256,	512,	0;
			0,	0,	512,	0,	0,	0,	256,	0,	128,	1024;
			0,	128,	0,	512,	1024,	0,	512,	128,	0,	256;
			1024,	1024,	0,	0,	256,	512,	0,	1024,	256,	0
u =  0, 0, 0, 1, 1, 2, 2, 3, 3, 4, 4, 4, 4, 4, 5, 6, 6, 6, 7, 7, 7, 7, 8, 8, 8, 8, 8, 8, 9, 9, 9, 9, 9, 9
v =  3, 4, 9, 8, 9, 4, 7, 0, 8, 0, 2, 6, 8, 9, 9, 4, 7, 8, 2, 6, 8, 9, 1, 3, 4, 6, 7, 9, 0, 1, 4, 5, 7, 8
e =  1024, 256, 1024, 128, 1024, 128, 512, 1024, 512, 256, 128, 256, 1024, 256, 512, 256, 256, 512, 512, 256, 128, 1024, 128, 512, 1024, 512, 128, 256, 1024, 1024, 256, 512, 1024, 256
x = 0,0,0,0,0,0,0,0,0,0
y = 0,0,0,0,0,0,0,0,0,0
