[general]
path = outputs/system/

[chiplets]
chiplet_count = 10
widths = 	5,	18,	29,	21,	19,	27,	16,	23,	25,	23
heights = 	5,	18,	26,	17,	20,	30,	17,	26,	22,	27
powers = 	186,	113,	139,	79,	160,	47,	77,	134,	1,	140
target_reward = 0
connections = 0,	0,	1024,	0,	0,	256,	0,	1024,	512,	0;
			0,	0,	512,	1024,	0,	256,	1024,	0,	0,	0;
			1024,	512,	0,	0,	0,	0,	256,	256,	0,	0;
			0,	1024,	0,	0,	0,	0,	0,	1024,	0,	0;
			0,	0,	0,	0,	0,	0,	128,	1024,	0,	1024;
			256,	256,	0,	0,	0,	0,	0,	0,	0,	1024;
			0,	1024,	256,	0,	128,	0,	0,	512,	0,	0;
			1024,	0,	256,	1024,	1024,	0,	512,	0,	0,	1024;
			512,	0,	0,	0,	0,	0,	0,	0,	0,	512;
			0,	0,	0,	0,	1024,	1024,	0,	1024,	512,	0
u =  0, 0, 0, 0, 1, 1, 1, 1, 2, 2, 2, 2, 3, 3, 4, 4, 4, 5, 5, 5, 6, 6, 6, 6, 7, 7, 7, 7, 7, 7, 8, 8, 9, 9, 9, 9
v =  2, 5, 7, 8, 2, 3, 5, 6, 0, 1, 6, 7, 1, 7, 6, 7, 9, 0, 1, 9, 1, 2, 4, 7, 0, 2, 3, 4, 6, 9, 0, 9, 4, 5, 7, 8
e =  1024, 256, 1024, 512, 512, 1024, 256, 1024, 1024, 512, 256, 256, 1024, 1024, 128, 1024, 1024, 256, 256, 1024, 1024, 256, 128, 512, 1024, 256, 1024, 1024, 512, 1024, 512, 512, 1024, 1024, 1024, 512
x = 0,0,0,0,0,0,0,0,0,0
y = 0,0,0,0,0,0,0,0,0,0
