[general]
path = outputs/system/

[chiplets]
chiplet_count = 9
widths = 	15,	20,	16,	21,	24,	8,	23,	22,	26
heights = 	16,	22,	19,	18,	29,	8,	27,	18,	24
powers = 	191,	84,	189,	158,	30,	79,	165,	99,	8
target_reward = 0
connections = 0,	256,	0,	0,	0,	512,	0,	0,	0;
			256,	0,	0,	256,	0,	0,	512,	1024,	1024;
			0,	0,	0,	1024,	128,	0,	1024,	128,	0;
			0,	256,	1024,	0,	0,	128,	256,	0,	0;
			0,	0,	128,	0,	0,	256,	1024,	512,	512;
			512,	0,	0,	128,	256,	0,	512,	0,	128;
			0,	512,	1024,	256,	1024,	512,	0,	0,	256;
			0,	1024,	128,	0,	512,	0,	0,	0,	0;
			0,	1024,	0,	0,	512,	128,	256,	0,	0
u =  0, 0, 1, 1, 1, 1, 1, 2, 2, 2, 2, 3, 3, 3, 3, 4, 4, 4, 4, 4, 5, 5, 5, 5, 5, 6, 6, 6, 6, 6, 6, 7, 7, 7, 8, 8, 8, 8
v =  1, 5, 0, 3, 6, 7, 8, 3, 4, 6, 7, 1, 2, 5, 6, 2, 5, 6, 7, 8, 0, 3, 4, 6, 8, 1, 2, 3, 4, 5, 8, 1, 2, 4, 1, 4, 5, 6
e =  256, 512, 256, 256, 512, 1024, 1024, 1024, 128, 1024, 128, 256, 1024, 128, 256, 128, 256, 1024, 512, 512, 512, 128, 256, 512, 128, 512, 1024, 256, 1024, 512, 256, 1024, 128, 512, 1024, 512, 128, 256
x = 0,0,0,0,0,0,0,0,0
y = 0,0,0,0,0,0,0,0,0
