[general]
path = outputs/system/

[chiplets]
chiplet_count = 10
widths = 	25,	13,	16,	19,	15,	25,	18,	25,	13,	26
heights = 	24,	13,	17,	19,	12,	22,	19,	22,	11,	30
powers = 	185,	81,	23,	120,	198,	23,	158,	161,	8,	20
target_reward = 0
connections = 0,	128,	256,	128,	0,	0,	0,	0,	0,	256;
			128,	0,	1024,	512,	0,	0,	0,	0,	1024,	0;
			256,	1024,	0,	128,	0,	0,	1024,	1024,	0,	512;
			128,	512,	128,	0,	0,	0,	0,	0,	0,	0;
			0,	0,	0,	0,	0,	512,	0,	256,	128,	1024;
			0,	0,	0,	0,	512,	0,	0,	0,	0,	128;
			0,	0,	1024,	0,	0,	0,	0,	0,	512,	0;
			0,	0,	1024,	0,	256,	0,	0,	0,	0,	1024;
			0,	1024,	0,	0,	128,	0,	512,	0,	0,	0;
			256,	0,	512,	0,	1024,	128,	0,	1024,	0,	0
u =  0, 0, 0, 0, 1, 1, 1, 1, 2, 2, 2, 2, 2, 2, 3, 3, 3, 4, 4, 4, 4, 5, 5, 6, 6, 7, 7, 7, 8, 8, 8, 9, 9, 9, 9, 9
v =  1, 2, 3, 9, 0, 2, 3, 8, 0, 1, 3, 6, 7, 9, 0, 1, 2, 5, 7, 8, 9, 4, 9, 2, 8, 2, 4, 9, 1, 4, 6, 0, 2, 4, 5, 7
e =  128, 256, 128, 256, 128, 1024, 512, 1024, 256, 1024, 128, 1024, 1024, 512, 128, 512, 128, 512, 256, 128, 1024, 512, 128, 1024, 512, 1024, 256, 1024, 1024, 128, 512, 256, 512, 1024, 128, 1024
x = 0,0,0,0,0,0,0,0,0,0
y = 0,0,0,0,0,0,0,0,0,0
