[general]
path = outputs/system/

[chiplets]
chiplet_count = 8
widths = 	24,	21,	11,	25,	29,	11,	17,	28
heights = 	25,	26,	12,	28,	25,	12,	17,	28
powers = 	183,	106,	195,	105,	45,	10,	18,	86
target_reward = 0
connections = 0,	0,	128,	0,	512,	128,	0,	0;
			0,	0,	0,	128,	128,	0,	0,	128;
			128,	0,	0,	0,	128,	0,	0,	1024;
			0,	128,	0,	0,	512,	0,	0,	0;
			512,	128,	128,	512,	0,	256,	1024,	256;
			128,	0,	0,	0,	256,	0,	512,	256;
			0,	0,	0,	0,	1024,	512,	0,	1024;
			0,	128,	1024,	0,	256,	256,	1024,	0
u =  0, 0, 0, 1, 1, 1, 2, 2, 2, 3, 3, 4, 4, 4, 4, 4, 4, 4, 5, 5, 5, 5, 6, 6, 6, 7, 7, 7, 7, 7
v =  2, 4, 5, 3, 4, 7, 0, 4, 7, 1, 4, 0, 1, 2, 3, 5, 6, 7, 0, 4, 6, 7, 4, 5, 7, 1, 2, 4, 5, 6
e =  128, 512, 128, 128, 128, 128, 128, 128, 1024, 128, 512, 512, 128, 128, 512, 256, 1024, 256, 128, 256, 512, 256, 1024, 512, 1024, 128, 1024, 256, 256, 1024
x = 0,0,0,0,0,0,0,0
y = 0,0,0,0,0,0,0,0
