[general]
path = outputs/system/

[chiplets]
chiplet_count = 8
widths = 	27,	9,	12,	16,	23,	16,	24,	8
heights = 	26,	8,	15,	13,	26,	14,	24,	8
powers = 	182,	183,	92,	17,	31,	22,	34,	147
target_reward = 0
connections = 0,	0,	0,	512,	0,	0,	256,	512;
			0,	0,	128,	128,	512,	128,	0,	0;
			0,	128,	0,	512,	1024,	0,	0,	256;
			512,	128,	512,	0,	256,	128,	0,	256;
			0,	512,	1024,	256,	0,	256,	256,	0;
			0,	128,	0,	128,	256,	0,	0,	0;
			256,	0,	0,	0,	256,	0,	0,	0;
			512,	0,	256,	256,	0,	0,	0,	0
u =  0, 0, 0, 1, 1, 1, 1, 2, 2, 2, 2, 3, 3, 3, 3, 3, 3, 4, 4, 4, 4, 4, 5, 5, 5, 6, 6, 7, 7, 7
v =  3, 6, 7, 2, 3, 4, 5, 1, 3, 4, 7, 0, 1, 2, 4, 5, 7, 1, 2, 3, 5, 6, 1, 3, 4, 0, 4, 0, 2, 3
e =  512, 256, 512, 128, 128, 512, 128, 128, 512, 1024, 256, 512, 128, 512, 256, 128, 256, 512, 1024, 256, 256, 256, 128, 128, 256, 256, 256, 512, 256, 256
x = 0,0,0,0,0,0,0,0
y = 0,0,0,0,0,0,0,0
