[general]
path = outputs/system/

[chiplets]
chiplet_count = 9
widths = 	23,	16,	28,	11,	10,	19,	30,	6,	4
heights = 	26,	16,	23,	9,	8,	23,	30,	5,	4
powers = 	4,	163,	27,	46,	116,	91,	46,	30,	39
target_reward = 0
connections = 0,	0,	1024,	0,	128,	0,	0,	0,	0;
			0,	0,	512,	1024,	512,	256,	0,	512,	0;
			1024,	512,	0,	1024,	256,	0,	0,	1024,	0;
			0,	1024,	1024,	0,	128,	0,	0,	512,	1024;
			128,	512,	256,	128,	0,	0,	0,	128,	0;
			0,	256,	0,	0,	0,	0,	0,	0,	0;
			0,	0,	0,	0,	0,	0,	0,	512,	0;
			0,	512,	1024,	512,	128,	0,	512,	0,	0;
			0,	0,	0,	1024,	0,	0,	0,	0,	0
u =  0, 0, 1, 1, 1, 1, 1, 2, 2, 2, 2, 2, 3, 3, 3, 3, 3, 4, 4, 4, 4, 4, 5, 6, 7, 7, 7, 7, 7, 8
v =  2, 4, 2, 3, 4, 5, 7, 0, 1, 3, 4, 7, 1, 2, 4, 7, 8, 0, 1, 2, 3, 7, 1, 7, 1, 2, 3, 4, 6, 3
e =  1024, 128, 512, 1024, 512, 256, 512, 1024, 512, 1024, 256, 1024, 1024, 1024, 128, 512, 1024, 128, 512, 256, 128, 128, 256, 512, 512, 1024, 512, 128, 512, 1024
x = 0,0,0,0,0,0,0,0,0
y = 0,0,0,0,0,0,0,0,0
