[general]
path = outputs/system/

[chiplets]
chiplet_count = 9
widths = 	23,	29,	21,	30,	6,	23,	30,	9,	27
heights = 	22,	30,	21,	26,	5,	25,	29,	9,	24
powers = 	57,	181,	85,	155,	65,	12,	89,	80,	50
target_reward = 0
connections = 0,	0,	0,	0,	0,	0,	128,	0,	0;
			0,	0,	0,	0,	0,	0,	0,	0,	512;
			0,	0,	0,	512,	0,	1024,	256,	0,	128;
			0,	0,	512,	0,	1024,	512,	0,	256,	0;
			0,	0,	0,	1024,	0,	256,	0,	0,	0;
			0,	0,	1024,	512,	256,	0,	512,	0,	0;
			128,	0,	256,	0,	0,	512,	0,	256,	512;
			0,	0,	0,	256,	0,	0,	256,	0,	128;
			0,	512,	128,	0,	0,	0,	512,	128,	0
u =  0, 1, 2, 2, 2, 2, 3, 3, 3, 3, 4, 4, 5, 5, 5, 5, 6, 6, 6, 6, 6, 7, 7, 7, 8, 8, 8, 8
v =  6, 8, 3, 5, 6, 8, 2, 4, 5, 7, 3, 5, 2, 3, 4, 6, 0, 2, 5, 7, 8, 3, 6, 8, 1, 2, 6, 7
e =  128, 512, 512, 1024, 256, 128, 512, 1024, 512, 256, 1024, 256, 1024, 512, 256, 512, 128, 256, 512, 256, 512, 256, 256, 128, 512, 128, 512, 128
x = 0,0,0,0,0,0,0,0,0
y = 0,0,0,0,0,0,0,0,0
