[general]
path = outputs/system/

[chiplets]
chiplet_count = 9
widths = 	26,	28,	17,	23,	26,	26,	12,	20,	5
heights = 	29,	25,	19,	22,	26,	28,	11,	25,	4
powers = 	76,	5,	186,	173,	116,	48,	136,	85,	97
target_reward = 0
connections = 0,	512,	1024,	0,	0,	0,	256,	0,	1024;
			512,	0,	512,	512,	0,	1024,	512,	0,	0;
			1024,	512,	0,	256,	256,	512,	0,	0,	512;
			0,	512,	256,	0,	0,	0,	0,	0,	1024;
			0,	0,	256,	0,	0,	0,	256,	256,	1024;
			0,	1024,	512,	0,	0,	0,	512,	0,	128;
			256,	512,	0,	0,	256,	512,	0,	0,	0;
			0,	0,	0,	0,	256,	0,	0,	0,	512;
			1024,	0,	512,	1024,	1024,	128,	0,	512,	0
u =  0, 0, 0, 0, 1, 1, 1, 1, 1, 2, 2, 2, 2, 2, 2, 3, 3, 3, 4, 4, 4, 4, 5, 5, 5, 5, 6, 6, 6, 6, 7, 7, 8, 8, 8, 8, 8, 8
v =  1, 2, 6, 8, 0, 2, 3, 5, 6, 0, 1, 3, 4, 5, 8, 1, 2, 8, 2, 6, 7, 8, 1, 2, 6, 8, 0, 1, 4, 5, 4, 8, 0, 2, 3, 4, 5, 7
e =  512, 1024, 256, 1024, 512, 512, 512, 1024, 512, 1024, 512, 256, 256, 512, 512, 512, 256, 1024, 256, 256, 256, 1024, 1024, 512, 512, 128, 256, 512, 256, 512, 256, 512, 1024, 512, 1024, 1024, 128, 512
x = 0,0,0,0,0,0,0,0,0
y = 0,0,0,0,0,0,0,0,0
