[general]
path = outputs/system/

[chiplets]
chiplet_count = 8
widths = 	27,	26,	23,	8,	20,	18,	26,	21
heights = 	23,	25,	20,	9,	23,	19,	21,	21
powers = 	26,	35,	180,	100,	1,	160,	4,	109
target_reward = 0
connections = 0,	0,	0,	0,	0,	128,	1024,	0;
			0,	0,	0,	0,	512,	1024,	1024,	0;
			0,	0,	0,	128,	1024,	0,	0,	0;
			0,	0,	128,	0,	1024,	512,	128,	512;
			0,	512,	1024,	1024,	0,	0,	0,	0;
			128,	1024,	0,	512,	0,	0,	0,	1024;
			1024,	1024,	0,	128,	0,	0,	0,	0;
			0,	0,	0,	512,	0,	1024,	0,	0
u =  0, 0, 1, 1, 1, 2, 2, 3, 3, 3, 3, 3, 4, 4, 4, 5, 5, 5, 5, 6, 6, 6, 7, 7
v =  5, 6, 4, 5, 6, 3, 4, 2, 4, 5, 6, 7, 1, 2, 3, 0, 1, 3, 7, 0, 1, 3, 3, 5
e =  128, 1024, 512, 1024, 1024, 128, 1024, 128, 1024, 512, 128, 512, 512, 1024, 1024, 128, 1024, 512, 1024, 1024, 1024, 128, 512, 1024
x = 0,0,0,0,0,0,0,0
y = 0,0,0,0,0,0,0,0
