[general]
path = outputs/system/

[chiplets]
chiplet_count = 10
widths = 	13,	24,	20,	27,	5,	7,	25,	27,	12,	21
heights = 	14,	22,	25,	28,	4,	8,	27,	22,	11,	19
powers = 	20,	10,	137,	114,	76,	40,	13,	46,	72,	163
target_reward = 0
connections = 0,	512,	256,	0,	0,	128,	256,	0,	0,	512;
			512,	0,	1024,	256,	256,	0,	0,	0,	256,	128;
			256,	1024,	0,	512,	0,	0,	0,	128,	0,	0;
			0,	256,	512,	0,	128,	256,	0,	256,	512,	0;
			0,	256,	0,	128,	0,	256,	0,	1024,	0,	0;
			128,	0,	0,	256,	256,	0,	0,	0,	0,	0;
			256,	0,	0,	0,	0,	0,	0,	1024,	0,	0;
			0,	0,	128,	256,	1024,	0,	1024,	0,	1024,	0;
			0,	256,	0,	512,	0,	0,	0,	1024,	0,	0;
			512,	128,	0,	0,	0,	0,	0,	0,	0,	0
u =  0, 0, 0, 0, 0, 1, 1, 1, 1, 1, 1, 2, 2, 2, 2, 3, 3, 3, 3, 3, 3, 4, 4, 4, 4, 5, 5, 5, 6, 6, 7, 7, 7, 7, 7, 8, 8, 8, 9, 9
v =  1, 2, 5, 6, 9, 0, 2, 3, 4, 8, 9, 0, 1, 3, 7, 1, 2, 4, 5, 7, 8, 1, 3, 5, 7, 0, 3, 4, 0, 7, 2, 3, 4, 6, 8, 1, 3, 7, 0, 1
e =  512, 256, 128, 256, 512, 512, 1024, 256, 256, 256, 128, 256, 1024, 512, 128, 256, 512, 128, 256, 256, 512, 256, 128, 256, 1024, 128, 256, 256, 256, 1024, 128, 256, 1024, 1024, 1024, 256, 512, 1024, 512, 128
x = 0,0,0,0,0,0,0,0,0,0
y = 0,0,0,0,0,0,0,0,0,0
