[general]
path = outputs/system/

[chiplets]
chiplet_count = 9
widths = 	9,	12,	6,	11,	20,	5,	28,	11,	13
heights = 	11,	10,	6,	12,	25,	6,	23,	11,	12
powers = 	63,	135,	35,	37,	18,	144,	118,	101,	48
target_reward = 0
connections = 0,	0,	1024,	512,	0,	0,	0,	0,	0;
			0,	0,	512,	256,	0,	0,	128,	0,	0;
			1024,	512,	0,	0,	0,	0,	0,	0,	256;
			512,	256,	0,	0,	0,	0,	1024,	0,	0;
			0,	0,	0,	0,	0,	128,	512,	512,	256;
			0,	0,	0,	0,	128,	0,	512,	128,	256;
			0,	128,	0,	1024,	512,	512,	0,	256,	0;
			0,	0,	0,	0,	512,	128,	256,	0,	0;
			0,	0,	256,	0,	256,	256,	0,	0,	0
u =  0, 0, 1, 1, 1, 2, 2, 2, 3, 3, 3, 4, 4, 4, 4, 5, 5, 5, 5, 6, 6, 6, 6, 6, 7, 7, 7, 8, 8, 8
v =  2, 3, 2, 3, 6, 0, 1, 8, 0, 1, 6, 5, 6, 7, 8, 4, 6, 7, 8, 1, 3, 4, 5, 7, 4, 5, 6, 2, 4, 5
e =  1024, 512, 512, 256, 128, 1024, 512, 256, 512, 256, 1024, 128, 512, 512, 256, 128, 512, 128, 256, 128, 1024, 512, 512, 256, 512, 128, 256, 256, 256, 256
x = 0,0,0,0,0,0,0,0,0
y = 0,0,0,0,0,0,0,0,0
