[general]
path = outputs/system/

[chiplets]
chiplet_count = 8
widths = 	23,	25,	10,	10,	20,	15,	9,	26
heights = 	25,	27,	11,	8,	21,	12,	10,	23
powers = 	60,	30,	46,	5,	67,	28,	55,	105
target_reward = 0
connections = 0,	0,	512,	256,	0,	512,	0,	0;
			0,	0,	1024,	0,	0,	128,	1024,	0;
			512,	1024,	0,	256,	0,	1024,	128,	512;
			256,	0,	256,	0,	0,	0,	512,	0;
			0,	0,	0,	0,	0,	0,	512,	0;
			512,	128,	1024,	0,	0,	0,	0,	256;
			0,	1024,	128,	512,	512,	0,	0,	0;
			0,	0,	512,	0,	0,	256,	0,	0
u =  0, 0, 0, 1, 1, 1, 2, 2, 2, 2, 2, 2, 3, 3, 3, 4, 5, 5, 5, 5, 6, 6, 6, 6, 7, 7
v =  2, 3, 5, 2, 5, 6, 0, 1, 3, 5, 6, 7, 0, 2, 6, 6, 0, 1, 2, 7, 1, 2, 3, 4, 2, 5
e =  512, 256, 512, 1024, 128, 1024, 512, 1024, 256, 1024, 128, 512, 256, 256, 512, 512, 512, 128, 1024, 256, 1024, 128, 512, 512, 512, 256
x = 0,0,0,0,0,0,0,0
y = 0,0,0,0,0,0,0,0
