[general]
path = outputs/system/

[chiplets]
chiplet_count = 11
widths = 	30,	22,	26,	23,	21,	4,	16,	16,	16,	20,	11
heights = 	25,	24,	25,	20,	25,	5,	18,	14,	16,	21,	11
powers = 	117,	84,	185,	116,	98,	193,	158,	198,	109,	170,	134
target_reward = 0
connections = 0,	1024,	128,	0,	0,	0,	0,	0,	128,	128,	0;
			1024,	0,	128,	512,	0,	0,	0,	128,	256,	0,	0;
			128,	128,	0,	0,	0,	1024,	0,	128,	0,	0,	0;
			0,	512,	0,	0,	0,	0,	256,	0,	1024,	0,	1024;
			0,	0,	0,	0,	0,	0,	0,	0,	256,	1024,	0;
			0,	0,	1024,	0,	0,	0,	128,	0,	128,	0,	1024;
			0,	0,	0,	256,	0,	128,	0,	0,	0,	0,	0;
			0,	128,	128,	0,	0,	0,	0,	0,	128,	0,	0;
			128,	256,	0,	1024,	256,	128,	0,	128,	0,	0,	128;
			128,	0,	0,	0,	1024,	0,	0,	0,	0,	0,	0;
			0,	0,	0,	1024,	0,	1024,	0,	0,	128,	0,	0
u =  0, 0, 0, 0, 1, 1, 1, 1, 1, 2, 2, 2, 2, 3, 3, 3, 3, 4, 4, 5, 5, 5, 5, 6, 6, 7, 7, 7, 8, 8, 8, 8, 8, 8, 8, 9, 9, 10, 10, 10
v =  1, 2, 8, 9, 0, 2, 3, 7, 8, 0, 1, 5, 7, 1, 6, 8, 10, 8, 9, 2, 6, 8, 10, 3, 5, 1, 2, 8, 0, 1, 3, 4, 5, 7, 10, 0, 4, 3, 5, 8
e =  1024, 128, 128, 128, 1024, 128, 512, 128, 256, 128, 128, 1024, 128, 512, 256, 1024, 1024, 256, 1024, 1024, 128, 128, 1024, 256, 128, 128, 128, 128, 128, 256, 1024, 256, 128, 128, 128, 128, 1024, 1024, 1024, 128
x = 0,0,0,0,0,0,0,0,0,0,0
y = 0,0,0,0,0,0,0,0,0,0,0
