[general]
path = outputs/system/

[chiplets]
chiplet_count = 10
widths = 	23,	18,	22,	27,	21,	5,	24,	21,	30,	17
heights = 	21,	19,	23,	25,	20,	6,	30,	24,	28,	17
powers = 	167,	116,	55,	199,	179,	2,	168,	181,	163,	22
target_reward = 0
connections = 0,	0,	256,	0,	128,	256,	0,	0,	0,	0;
			0,	0,	0,	0,	1024,	0,	0,	0,	0,	1024;
			256,	0,	0,	0,	0,	0,	0,	512,	128,	0;
			0,	0,	0,	0,	128,	0,	512,	0,	0,	0;
			128,	1024,	0,	128,	0,	128,	1024,	1024,	512,	1024;
			256,	0,	0,	0,	128,	0,	256,	256,	0,	0;
			0,	0,	0,	512,	1024,	256,	0,	1024,	1024,	256;
			0,	0,	512,	0,	1024,	256,	1024,	0,	0,	0;
			0,	0,	128,	0,	512,	0,	1024,	0,	0,	0;
			0,	1024,	0,	0,	1024,	0,	256,	0,	0,	0
u =  0, 0, 0, 1, 1, 2, 2, 2, 3, 3, 4, 4, 4, 4, 4, 4, 4, 4, 5, 5, 5, 5, 6, 6, 6, 6, 6, 6, 7, 7, 7, 7, 8, 8, 8, 9, 9, 9
v =  2, 4, 5, 4, 9, 0, 7, 8, 4, 6, 0, 1, 3, 5, 6, 7, 8, 9, 0, 4, 6, 7, 3, 4, 5, 7, 8, 9, 2, 4, 5, 6, 2, 4, 6, 1, 4, 6
e =  256, 128, 256, 1024, 1024, 256, 512, 128, 128, 512, 128, 1024, 128, 128, 1024, 1024, 512, 1024, 256, 128, 256, 256, 512, 1024, 256, 1024, 1024, 256, 512, 1024, 256, 1024, 128, 512, 1024, 1024, 1024, 256
x = 0,0,0,0,0,0,0,0,0,0
y = 0,0,0,0,0,0,0,0,0,0
