[general]
path = outputs/system/

[chiplets]
chiplet_count = 9
widths = 	19,	18,	8,	7,	24,	29,	28,	9,	17
heights = 	17,	16,	8,	6,	23,	26,	23,	11,	14
powers = 	136,	175,	45,	190,	186,	79,	20,	156,	38
target_reward = 0
connections = 0,	1024,	512,	128,	0,	256,	0,	512,	1024;
			1024,	0,	128,	0,	0,	0,	512,	1024,	0;
			512,	128,	0,	128,	256,	512,	128,	256,	256;
			128,	0,	128,	0,	256,	0,	0,	0,	0;
			0,	0,	256,	256,	0,	512,	0,	0,	0;
			256,	0,	512,	0,	512,	0,	0,	0,	0;
			0,	512,	128,	0,	0,	0,	0,	0,	0;
			512,	1024,	256,	0,	0,	0,	0,	0,	128;
			1024,	0,	256,	0,	0,	0,	0,	128,	0
u =  0, 0, 0, 0, 0, 0, 1, 1, 1, 1, 2, 2, 2, 2, 2, 2, 2, 2, 3, 3, 3, 4, 4, 4, 5, 5, 5, 6, 6, 7, 7, 7, 7, 8, 8, 8
v =  1, 2, 3, 5, 7, 8, 0, 2, 6, 7, 0, 1, 3, 4, 5, 6, 7, 8, 0, 2, 4, 2, 3, 5, 0, 2, 4, 1, 2, 0, 1, 2, 8, 0, 2, 7
e =  1024, 512, 128, 256, 512, 1024, 1024, 128, 512, 1024, 512, 128, 128, 256, 512, 128, 256, 256, 128, 128, 256, 256, 256, 512, 256, 512, 512, 512, 128, 512, 1024, 256, 128, 1024, 256, 128
x = 0,0,0,0,0,0,0,0,0
y = 0,0,0,0,0,0,0,0,0
