[general]
path = outputs/system/

[chiplets]
chiplet_count = 9
widths = 	15,	16,	24,	20,	22,	23,	25,	19,	27
heights = 	15,	14,	20,	18,	20,	27,	28,	20,	22
powers = 	4,	96,	185,	160,	89,	32,	162,	83,	193
target_reward = 0
connections = 0,	0,	512,	512,	256,	0,	0,	1024,	0;
			0,	0,	0,	0,	0,	512,	1024,	0,	1024;
			512,	0,	0,	1024,	512,	0,	0,	512,	512;
			512,	0,	1024,	0,	512,	128,	0,	0,	0;
			256,	0,	512,	512,	0,	128,	0,	0,	256;
			0,	512,	0,	128,	128,	0,	0,	0,	0;
			0,	1024,	0,	0,	0,	0,	0,	512,	0;
			1024,	0,	512,	0,	0,	0,	512,	0,	0;
			0,	1024,	512,	0,	256,	0,	0,	0,	0
u =  0, 0, 0, 0, 1, 1, 1, 2, 2, 2, 2, 2, 3, 3, 3, 3, 4, 4, 4, 4, 4, 5, 5, 5, 6, 6, 7, 7, 7, 8, 8, 8
v =  2, 3, 4, 7, 5, 6, 8, 0, 3, 4, 7, 8, 0, 2, 4, 5, 0, 2, 3, 5, 8, 1, 3, 4, 1, 7, 0, 2, 6, 1, 2, 4
e =  512, 512, 256, 1024, 512, 1024, 1024, 512, 1024, 512, 512, 512, 512, 1024, 512, 128, 256, 512, 512, 128, 256, 512, 128, 128, 1024, 512, 1024, 512, 512, 1024, 512, 256
x = 0,0,0,0,0,0,0,0,0
y = 0,0,0,0,0,0,0,0,0
