[general]
path = outputs/system/

[chiplets]
chiplet_count = 9
widths = 	22,	14,	30,	30,	27,	24,	24,	23,	27
heights = 	22,	14,	24,	24,	30,	23,	23,	19,	25
powers = 	34,	121,	35,	17,	57,	12,	177,	70,	169
target_reward = 0
connections = 0,	512,	0,	128,	128,	512,	0,	512,	128;
			512,	0,	512,	0,	512,	0,	0,	0,	0;
			0,	512,	0,	0,	512,	1024,	0,	0,	0;
			128,	0,	0,	0,	0,	0,	0,	0,	512;
			128,	512,	512,	0,	0,	1024,	128,	1024,	0;
			512,	0,	1024,	0,	1024,	0,	1024,	512,	128;
			0,	0,	0,	0,	128,	1024,	0,	256,	0;
			512,	0,	0,	0,	1024,	512,	256,	0,	0;
			128,	0,	0,	512,	0,	128,	0,	0,	0
u =  0, 0, 0, 0, 0, 0, 1, 1, 1, 2, 2, 2, 3, 3, 4, 4, 4, 4, 4, 4, 5, 5, 5, 5, 5, 5, 6, 6, 6, 7, 7, 7, 7, 8, 8, 8
v =  1, 3, 4, 5, 7, 8, 0, 2, 4, 1, 4, 5, 0, 8, 0, 1, 2, 5, 6, 7, 0, 2, 4, 6, 7, 8, 4, 5, 7, 0, 4, 5, 6, 0, 3, 5
e =  512, 128, 128, 512, 512, 128, 512, 512, 512, 512, 512, 1024, 128, 512, 128, 512, 512, 1024, 128, 1024, 512, 1024, 1024, 1024, 512, 128, 128, 1024, 256, 512, 1024, 512, 256, 128, 512, 128
x = 0,0,0,0,0,0,0,0,0
y = 0,0,0,0,0,0,0,0,0
