[general]
path = outputs/system/

[chiplets]
chiplet_count = 8
widths = 	21,	25,	29,	16,	4,	22,	20,	20
heights = 	23,	28,	25,	13,	5,	20,	25,	16
powers = 	113,	177,	1,	30,	132,	100,	94,	54
target_reward = 0
connections = 0,	0,	1024,	0,	0,	0,	256,	128;
			0,	0,	0,	0,	0,	256,	0,	512;
			1024,	0,	0,	0,	0,	0,	0,	0;
			0,	0,	0,	0,	1024,	1024,	1024,	128;
			0,	0,	0,	1024,	0,	128,	512,	128;
			0,	256,	0,	1024,	128,	0,	256,	1024;
			256,	0,	0,	1024,	512,	256,	0,	0;
			128,	512,	0,	128,	128,	1024,	0,	0
u =  0, 0, 0, 1, 1, 2, 3, 3, 3, 3, 4, 4, 4, 4, 5, 5, 5, 5, 5, 6, 6, 6, 6, 7, 7, 7, 7, 7
v =  2, 6, 7, 5, 7, 0, 4, 5, 6, 7, 3, 5, 6, 7, 1, 3, 4, 6, 7, 0, 3, 4, 5, 0, 1, 3, 4, 5
e =  1024, 256, 128, 256, 512, 1024, 1024, 1024, 1024, 128, 1024, 128, 512, 128, 256, 1024, 128, 256, 1024, 256, 1024, 512, 256, 128, 512, 128, 128, 1024
x = 0,0,0,0,0,0,0,0
y = 0,0,0,0,0,0,0,0
