[general]
path = outputs/system/

[chiplets]
chiplet_count = 10
widths = 	20,	28,	18,	14,	10,	23,	15,	27,	28,	28
heights = 	17,	26,	20,	12,	11,	20,	15,	27,	29,	30
powers = 	121,	149,	55,	140,	71,	20,	37,	148,	79,	172
target_reward = 0
connections = 0,	1024,	256,	0,	256,	512,	1024,	0,	512,	256;
			1024,	0,	0,	1024,	0,	256,	0,	512,	1024,	0;
			256,	0,	0,	0,	128,	1024,	0,	256,	0,	0;
			0,	1024,	0,	0,	0,	0,	0,	0,	0,	128;
			256,	0,	128,	0,	0,	512,	0,	0,	0,	0;
			512,	256,	1024,	0,	512,	0,	0,	0,	0,	0;
			1024,	0,	0,	0,	0,	0,	0,	0,	512,	0;
			0,	512,	256,	0,	0,	0,	0,	0,	0,	0;
			512,	1024,	0,	0,	0,	0,	512,	0,	0,	128;
			256,	0,	0,	128,	0,	0,	0,	0,	128,	0
u =  0, 0, 0, 0, 0, 0, 0, 1, 1, 1, 1, 1, 2, 2, 2, 2, 3, 3, 4, 4, 4, 5, 5, 5, 5, 6, 6, 7, 7, 8, 8, 8, 8, 9, 9, 9
v =  1, 2, 4, 5, 6, 8, 9, 0, 3, 5, 7, 8, 0, 4, 5, 7, 1, 9, 0, 2, 5, 0, 1, 2, 4, 0, 8, 1, 2, 0, 1, 6, 9, 0, 3, 8
e =  1024, 256, 256, 512, 1024, 512, 256, 1024, 1024, 256, 512, 1024, 256, 128, 1024, 256, 1024, 128, 256, 128, 512, 512, 256, 1024, 512, 1024, 512, 512, 256, 512, 1024, 512, 128, 256, 128, 128
x = 0,0,0,0,0,0,0,0,0,0
y = 0,0,0,0,0,0,0,0,0,0
