[general]
path = outputs/system/

[chiplets]
chiplet_count = 10
widths = 	17,	22,	18,	16,	18,	26,	18,	13,	13,	24
heights = 	16,	26,	19,	18,	20,	26,	19,	13,	15,	25
powers = 	58,	187,	102,	183,	39,	54,	47,	28,	142,	36
target_reward = 0
connections = 0,	0,	1024,	0,	0,	0,	0,	0,	0,	256;
			0,	0,	512,	0,	0,	0,	0,	128,	0,	0;
			1024,	512,	0,	512,	128,	0,	0,	512,	0,	1024;
			0,	0,	512,	0,	1024,	0,	256,	0,	512,	512;
			0,	0,	128,	1024,	0,	256,	512,	0,	0,	0;
			0,	0,	0,	0,	256,	0,	256,	0,	0,	0;
			0,	0,	0,	256,	512,	256,	0,	0,	1024,	256;
			0,	128,	512,	0,	0,	0,	0,	0,	0,	0;
			0,	0,	0,	512,	0,	0,	1024,	0,	0,	128;
			256,	0,	1024,	512,	0,	0,	256,	0,	128,	0
u =  0, 0, 1, 1, 2, 2, 2, 2, 2, 2, 3, 3, 3, 3, 3, 4, 4, 4, 4, 5, 5, 6, 6, 6, 6, 6, 7, 7, 8, 8, 8, 9, 9, 9, 9, 9
v =  2, 9, 2, 7, 0, 1, 3, 4, 7, 9, 2, 4, 6, 8, 9, 2, 3, 5, 6, 4, 6, 3, 4, 5, 8, 9, 1, 2, 3, 6, 9, 0, 2, 3, 6, 8
e =  1024, 256, 512, 128, 1024, 512, 512, 128, 512, 1024, 512, 1024, 256, 512, 512, 128, 1024, 256, 512, 256, 256, 256, 512, 256, 1024, 256, 128, 512, 512, 1024, 128, 256, 1024, 512, 256, 128
x = 0,0,0,0,0,0,0,0,0,0
y = 0,0,0,0,0,0,0,0,0,0
