[general]
path = outputs/system/

[chiplets]
chiplet_count = 7
widths = 	28,	11,	10,	19,	17,	7,	20
heights = 	26,	12,	9,	22,	18,	7,	21
powers = 	137,	125,	110,	12,	91,	176,	57
target_reward = 0
connections = 0,	128,	256,	1024,	256,	0,	0;
			128,	0,	512,	1024,	0,	0,	0;
			256,	512,	0,	0,	128,	256,	0;
			1024,	1024,	0,	0,	512,	512,	0;
			256,	0,	128,	512,	0,	1024,	0;
			0,	0,	256,	512,	1024,	0,	256;
			0,	0,	0,	0,	0,	256,	0
u =  0, 0, 0, 0, 1, 1, 1, 2, 2, 2, 2, 3, 3, 3, 3, 4, 4, 4, 4, 5, 5, 5, 5, 6
v =  1, 2, 3, 4, 0, 2, 3, 0, 1, 4, 5, 0, 1, 4, 5, 0, 2, 3, 5, 2, 3, 4, 6, 5
e =  128, 256, 1024, 256, 128, 512, 1024, 256, 512, 128, 256, 1024, 1024, 512, 512, 256, 128, 512, 1024, 256, 512, 1024, 256, 256
x = 0,0,0,0,0,0,0
y = 0,0,0,0,0,0,0
