[general]
path = outputs/system/

[chiplets]
chiplet_count = 10
widths = 	26,	21,	22,	28,	21,	17,	18,	21,	30,	28
heights = 	23,	26,	22,	29,	19,	21,	21,	20,	30,	25
powers = 	165,	16,	57,	33,	144,	63,	43,	84,	143,	14
target_reward = 0
connections = 0,	128,	0,	0,	0,	1024,	512,	0,	0,	256;
			128,	0,	512,	0,	0,	0,	1024,	0,	128,	0;
			0,	512,	0,	0,	1024,	0,	0,	0,	1024,	0;
			0,	0,	0,	0,	0,	1024,	512,	0,	512,	1024;
			0,	0,	1024,	0,	0,	128,	0,	0,	0,	0;
			1024,	0,	0,	1024,	128,	0,	512,	1024,	0,	0;
			512,	1024,	0,	512,	0,	512,	0,	0,	0,	0;
			0,	0,	0,	0,	0,	1024,	0,	0,	0,	1024;
			0,	128,	1024,	512,	0,	0,	0,	0,	0,	1024;
			256,	0,	0,	1024,	0,	0,	0,	1024,	1024,	0
u =  0, 0, 0, 0, 1, 1, 1, 1, 2, 2, 2, 3, 3, 3, 3, 4, 4, 5, 5, 5, 5, 5, 6, 6, 6, 6, 7, 7, 8, 8, 8, 8, 9, 9, 9, 9
v =  1, 5, 6, 9, 0, 2, 6, 8, 1, 4, 8, 5, 6, 8, 9, 2, 5, 0, 3, 4, 6, 7, 0, 1, 3, 5, 5, 9, 1, 2, 3, 9, 0, 3, 7, 8
e =  128, 1024, 512, 256, 128, 512, 1024, 128, 512, 1024, 1024, 1024, 512, 512, 1024, 1024, 128, 1024, 1024, 128, 512, 1024, 512, 1024, 512, 512, 1024, 1024, 128, 1024, 512, 1024, 256, 1024, 1024, 1024
x = 0,0,0,0,0,0,0,0,0,0
y = 0,0,0,0,0,0,0,0,0,0
