[general]
path = outputs/system/

[chiplets]
chiplet_count = 10
widths = 	20,	23,	30,	25,	21,	13,	16,	30,	27,	21
heights = 	23,	28,	29,	20,	24,	14,	16,	24,	27,	25
powers = 	109,	34,	50,	189,	90,	31,	54,	7,	188,	158
target_reward = 0
connections = 0,	0,	0,	0,	0,	0,	0,	0,	0,	256;
			0,	0,	0,	0,	0,	0,	0,	128,	512,	0;
			0,	0,	0,	0,	0,	0,	1024,	0,	0,	0;
			0,	0,	0,	0,	0,	0,	0,	0,	0,	128;
			0,	0,	0,	0,	0,	256,	0,	0,	0,	1024;
			0,	0,	0,	0,	256,	0,	512,	128,	0,	0;
			0,	0,	1024,	0,	0,	512,	0,	256,	256,	0;
			0,	128,	0,	0,	0,	128,	256,	0,	128,	256;
			0,	512,	0,	0,	0,	0,	256,	128,	0,	256;
			256,	0,	0,	128,	1024,	0,	0,	256,	256,	0
u =  0, 1, 1, 2, 3, 4, 4, 5, 5, 5, 6, 6, 6, 6, 7, 7, 7, 7, 7, 8, 8, 8, 8, 9, 9, 9, 9, 9
v =  9, 7, 8, 6, 9, 5, 9, 4, 6, 7, 2, 5, 7, 8, 1, 5, 6, 8, 9, 1, 6, 7, 9, 0, 3, 4, 7, 8
e =  256, 128, 512, 1024, 128, 256, 1024, 256, 512, 128, 1024, 512, 256, 256, 128, 128, 256, 128, 256, 512, 256, 128, 256, 256, 128, 1024, 256, 256
x = 0,0,0,0,0,0,0,0,0,0
y = 0,0,0,0,0,0,0,0,0,0
