[general]
path = outputs/system/

[chiplets]
chiplet_count = 11
widths = 	18,	22,	23,	8,	22,	25,	23,	8,	30,	22,	12
heights = 	16,	27,	24,	7,	24,	27,	24,	8,	29,	18,	11
powers = 	81,	7,	69,	194,	22,	64,	123,	130,	42,	89,	91
target_reward = 0
connections = 0,	0,	0,	512,	0,	0,	0,	0,	0,	0,	0;
			0,	0,	128,	1024,	1024,	256,	0,	0,	0,	0,	0;
			0,	128,	0,	128,	1024,	256,	0,	1024,	0,	0,	0;
			512,	1024,	128,	0,	0,	0,	128,	512,	256,	0,	0;
			0,	1024,	1024,	0,	0,	0,	0,	0,	256,	1024,	0;
			0,	256,	256,	0,	0,	0,	0,	0,	0,	512,	0;
			0,	0,	0,	128,	0,	0,	0,	256,	128,	0,	128;
			0,	0,	1024,	512,	0,	0,	256,	0,	1024,	0,	0;
			0,	0,	0,	256,	256,	0,	128,	1024,	0,	0,	512;
			0,	0,	0,	0,	1024,	512,	0,	0,	0,	0,	0;
			0,	0,	0,	0,	0,	0,	128,	0,	512,	0,	0
u =  0, 1, 1, 1, 1, 2, 2, 2, 2, 2, 3, 3, 3, 3, 3, 3, 4, 4, 4, 4, 5, 5, 5, 6, 6, 6, 6, 7, 7, 7, 7, 8, 8, 8, 8, 8, 9, 9, 10, 10
v =  3, 2, 3, 4, 5, 1, 3, 4, 5, 7, 0, 1, 2, 6, 7, 8, 1, 2, 8, 9, 1, 2, 9, 3, 7, 8, 10, 2, 3, 6, 8, 3, 4, 6, 7, 10, 4, 5, 6, 8
e =  512, 128, 1024, 1024, 256, 128, 128, 1024, 256, 1024, 512, 1024, 128, 128, 512, 256, 1024, 1024, 256, 1024, 256, 256, 512, 128, 256, 128, 128, 1024, 512, 256, 1024, 256, 256, 128, 1024, 512, 1024, 512, 128, 512
x = 0,0,0,0,0,0,0,0,0,0,0
y = 0,0,0,0,0,0,0,0,0,0,0
