[general]
path = outputs/system/

[chiplets]
chiplet_count = 8
widths = 	23,	8,	26,	22,	23,	16,	11,	16
heights = 	21,	10,	26,	21,	26,	18,	9,	14
powers = 	107,	126,	9,	108,	128,	42,	88,	161
target_reward = 0
connections = 0,	512,	256,	0,	256,	0,	512,	0;
			512,	0,	512,	1024,	0,	0,	1024,	0;
			256,	512,	0,	0,	0,	0,	0,	0;
			0,	1024,	0,	0,	512,	0,	0,	0;
			256,	0,	0,	512,	0,	256,	256,	128;
			0,	0,	0,	0,	256,	0,	128,	0;
			512,	1024,	0,	0,	256,	128,	0,	0;
			0,	0,	0,	0,	128,	0,	0,	0
u =  0, 0, 0, 0, 1, 1, 1, 1, 2, 2, 3, 3, 4, 4, 4, 4, 4, 5, 5, 6, 6, 6, 6, 7
v =  1, 2, 4, 6, 0, 2, 3, 6, 0, 1, 1, 4, 0, 3, 5, 6, 7, 4, 6, 0, 1, 4, 5, 4
e =  512, 256, 256, 512, 512, 512, 1024, 1024, 256, 512, 1024, 512, 256, 512, 256, 256, 128, 256, 128, 512, 1024, 256, 128, 128
x = 0,0,0,0,0,0,0,0
y = 0,0,0,0,0,0,0,0
