[general]
path = outputs/system/

[chiplets]
chiplet_count = 10
widths = 	10,	18,	22,	6,	24,	8,	28,	25,	17,	19
heights = 	12,	22,	26,	5,	21,	9,	23,	22,	21,	18
powers = 	85,	158,	116,	170,	183,	194,	19,	24,	7,	48
target_reward = 0
connections = 0,	0,	0,	0,	128,	0,	1024,	0,	0,	256;
			0,	0,	0,	128,	128,	0,	0,	0,	1024,	0;
			0,	0,	0,	0,	0,	0,	0,	128,	0,	0;
			0,	128,	0,	0,	0,	512,	0,	1024,	128,	0;
			128,	128,	0,	0,	0,	1024,	0,	0,	512,	128;
			0,	0,	0,	512,	1024,	0,	1024,	512,	0,	0;
			1024,	0,	0,	0,	0,	1024,	0,	512,	256,	256;
			0,	0,	128,	1024,	0,	512,	512,	0,	256,	0;
			0,	1024,	0,	128,	512,	0,	256,	256,	0,	256;
			256,	0,	0,	0,	128,	0,	256,	0,	256,	0
u =  0, 0, 0, 1, 1, 1, 2, 3, 3, 3, 3, 4, 4, 4, 4, 4, 5, 5, 5, 5, 6, 6, 6, 6, 6, 7, 7, 7, 7, 7, 8, 8, 8, 8, 8, 8, 9, 9, 9, 9
v =  4, 6, 9, 3, 4, 8, 7, 1, 5, 7, 8, 0, 1, 5, 8, 9, 3, 4, 6, 7, 0, 5, 7, 8, 9, 2, 3, 5, 6, 8, 1, 3, 4, 6, 7, 9, 0, 4, 6, 8
e =  128, 1024, 256, 128, 128, 1024, 128, 128, 512, 1024, 128, 128, 128, 1024, 512, 128, 512, 1024, 1024, 512, 1024, 1024, 512, 256, 256, 128, 1024, 512, 512, 256, 1024, 128, 512, 256, 256, 256, 256, 128, 256, 256
x = 0,0,0,0,0,0,0,0,0,0
y = 0,0,0,0,0,0,0,0,0,0
