[general]
path = outputs/system/

[chiplets]
chiplet_count = 8
widths = 	24,	17,	11,	29,	27,	20,	8,	24
heights = 	21,	17,	12,	24,	28,	19,	9,	28
powers = 	194,	53,	24,	131,	114,	39,	189,	48
target_reward = 0
connections = 0,	512,	0,	512,	0,	0,	1024,	128;
			512,	0,	1024,	0,	0,	0,	0,	0;
			0,	1024,	0,	128,	1024,	128,	0,	0;
			512,	0,	128,	0,	1024,	1024,	0,	0;
			0,	0,	1024,	1024,	0,	512,	0,	128;
			0,	0,	128,	1024,	512,	0,	0,	1024;
			1024,	0,	0,	0,	0,	0,	0,	0;
			128,	0,	0,	0,	128,	1024,	0,	0
u =  0, 0, 0, 0, 1, 1, 2, 2, 2, 2, 3, 3, 3, 3, 4, 4, 4, 4, 5, 5, 5, 5, 6, 7, 7, 7
v =  1, 3, 6, 7, 0, 2, 1, 3, 4, 5, 0, 2, 4, 5, 2, 3, 5, 7, 2, 3, 4, 7, 0, 0, 4, 5
e =  512, 512, 1024, 128, 512, 1024, 1024, 128, 1024, 128, 512, 128, 1024, 1024, 1024, 1024, 512, 128, 128, 1024, 512, 1024, 1024, 128, 128, 1024
x = 0,0,0,0,0,0,0,0
y = 0,0,0,0,0,0,0,0
