[general]
path = outputs/system/

[chiplets]
chiplet_count = 9
widths = 	25,	21,	17,	8,	24,	14,	14,	13,	18
heights = 	23,	24,	19,	8,	25,	16,	16,	12,	17
powers = 	193,	61,	64,	50,	35,	200,	86,	173,	6
target_reward = 0
connections = 0,	0,	0,	0,	0,	0,	512,	256,	0;
			0,	0,	0,	1024,	0,	0,	0,	0,	0;
			0,	0,	0,	0,	512,	0,	0,	0,	256;
			0,	1024,	0,	0,	128,	256,	0,	1024,	0;
			0,	0,	512,	128,	0,	512,	0,	256,	0;
			0,	0,	0,	256,	512,	0,	256,	256,	0;
			512,	0,	0,	0,	0,	256,	0,	128,	256;
			256,	0,	0,	1024,	256,	256,	128,	0,	128;
			0,	0,	256,	0,	0,	0,	256,	128,	0
u =  0, 0, 1, 2, 2, 3, 3, 3, 3, 4, 4, 4, 4, 5, 5, 5, 5, 6, 6, 6, 6, 7, 7, 7, 7, 7, 7, 8, 8, 8
v =  6, 7, 3, 4, 8, 1, 4, 5, 7, 2, 3, 5, 7, 3, 4, 6, 7, 0, 5, 7, 8, 0, 3, 4, 5, 6, 8, 2, 6, 7
e =  512, 256, 1024, 512, 256, 1024, 128, 256, 1024, 512, 128, 512, 256, 256, 512, 256, 256, 512, 256, 128, 256, 256, 1024, 256, 256, 128, 128, 256, 256, 128
x = 0,0,0,0,0,0,0,0,0
y = 0,0,0,0,0,0,0,0,0
