[general]
path = outputs/system/

[chiplets]
chiplet_count = 10
widths = 	22,	14,	14,	5,	24,	20,	21,	20,	22,	24
heights = 	22,	15,	15,	5,	30,	17,	26,	19,	24,	29
powers = 	106,	34,	122,	160,	87,	1,	198,	12,	77,	135
target_reward = 0
connections = 0,	1024,	0,	512,	0,	256,	256,	0,	0,	0;
			1024,	0,	0,	0,	256,	0,	256,	0,	0,	256;
			0,	0,	0,	0,	0,	0,	256,	0,	0,	0;
			512,	0,	0,	0,	0,	0,	0,	0,	0,	128;
			0,	256,	0,	0,	0,	128,	0,	512,	0,	128;
			256,	0,	0,	0,	128,	0,	128,	128,	0,	512;
			256,	256,	256,	0,	0,	128,	0,	256,	0,	0;
			0,	0,	0,	0,	512,	128,	256,	0,	256,	512;
			0,	0,	0,	0,	0,	0,	0,	256,	0,	1024;
			0,	256,	0,	128,	128,	512,	0,	512,	1024,	0
u =  0, 0, 0, 0, 1, 1, 1, 1, 2, 3, 3, 4, 4, 4, 4, 5, 5, 5, 5, 5, 6, 6, 6, 6, 6, 7, 7, 7, 7, 7, 8, 8, 9, 9, 9, 9, 9, 9
v =  1, 3, 5, 6, 0, 4, 6, 9, 6, 0, 9, 1, 5, 7, 9, 0, 4, 6, 7, 9, 0, 1, 2, 5, 7, 4, 5, 6, 8, 9, 7, 9, 1, 3, 4, 5, 7, 8
e =  1024, 512, 256, 256, 1024, 256, 256, 256, 256, 512, 128, 256, 128, 512, 128, 256, 128, 128, 128, 512, 256, 256, 256, 128, 256, 512, 128, 256, 256, 512, 256, 1024, 256, 128, 128, 512, 512, 1024
x = 0,0,0,0,0,0,0,0,0,0
y = 0,0,0,0,0,0,0,0,0,0
