[general]
path = outputs/system/

[chiplets]
chiplet_count = 7
widths = 	22,	13,	9,	26,	6,	20,	14
heights = 	21,	12,	8,	23,	7,	16,	17
powers = 	152,	175,	151,	139,	179,	74,	41
target_reward = 0
connections = 0,	512,	128,	0,	1024,	0,	1024;
			512,	0,	1024,	128,	0,	256,	128;
			128,	1024,	0,	0,	128,	1024,	0;
			0,	128,	0,	0,	512,	1024,	0;
			1024,	0,	128,	512,	0,	256,	256;
			0,	256,	1024,	1024,	256,	0,	0;
			1024,	128,	0,	0,	256,	0,	0
u =  0, 0, 0, 0, 1, 1, 1, 1, 1, 2, 2, 2, 2, 3, 3, 3, 4, 4, 4, 4, 4, 5, 5, 5, 5, 6, 6, 6
v =  1, 2, 4, 6, 0, 2, 3, 5, 6, 0, 1, 4, 5, 1, 4, 5, 0, 2, 3, 5, 6, 1, 2, 3, 4, 0, 1, 4
e =  512, 128, 1024, 1024, 512, 1024, 128, 256, 128, 128, 1024, 128, 1024, 128, 512, 1024, 1024, 128, 512, 256, 256, 256, 1024, 1024, 256, 1024, 128, 256
x = 0,0,0,0,0,0,0
y = 0,0,0,0,0,0,0
