[general]
path = outputs/system/

[chiplets]
chiplet_count = 8
widths = 	22,	27,	16,	17,	27,	14,	13,	26
heights = 	21,	29,	17,	16,	24,	17,	16,	21
powers = 	23,	90,	1,	66,	106,	31,	54,	38
target_reward = 0
connections = 0,	0,	0,	0,	0,	512,	512,	0;
			0,	0,	0,	0,	0,	1024,	0,	1024;
			0,	0,	0,	0,	128,	1024,	0,	256;
			0,	0,	0,	0,	256,	0,	0,	0;
			0,	0,	128,	256,	0,	128,	512,	0;
			512,	1024,	1024,	0,	128,	0,	512,	256;
			512,	0,	0,	0,	512,	512,	0,	128;
			0,	1024,	256,	0,	0,	256,	128,	0
u =  0, 0, 1, 1, 2, 2, 2, 3, 4, 4, 4, 4, 5, 5, 5, 5, 5, 5, 6, 6, 6, 6, 7, 7, 7, 7
v =  5, 6, 5, 7, 4, 5, 7, 4, 2, 3, 5, 6, 0, 1, 2, 4, 6, 7, 0, 4, 5, 7, 1, 2, 5, 6
e =  512, 512, 1024, 1024, 128, 1024, 256, 256, 128, 256, 128, 512, 512, 1024, 1024, 128, 512, 256, 512, 512, 512, 128, 1024, 256, 256, 128
x = 0,0,0,0,0,0,0,0
y = 0,0,0,0,0,0,0,0
