[general]
path = outputs/system/

[chiplets]
chiplet_count = 10
widths = 	18,	20,	23,	28,	11,	20,	10,	10,	14,	6
heights = 	19,	24,	23,	26,	9,	24,	8,	11,	12,	6
powers = 	148,	29,	152,	106,	16,	132,	124,	77,	120,	179
target_reward = 0
connections = 0,	256,	128,	0,	128,	0,	0,	0,	0,	0;
			256,	0,	128,	0,	0,	0,	0,	0,	128,	1024;
			128,	128,	0,	1024,	1024,	0,	256,	0,	128,	0;
			0,	0,	1024,	0,	1024,	0,	0,	0,	0,	0;
			128,	0,	1024,	1024,	0,	256,	1024,	1024,	128,	128;
			0,	0,	0,	0,	256,	0,	256,	512,	128,	0;
			0,	0,	256,	0,	1024,	256,	0,	0,	0,	0;
			0,	0,	0,	0,	1024,	512,	0,	0,	256,	0;
			0,	128,	128,	0,	128,	128,	0,	256,	0,	0;
			0,	1024,	0,	0,	128,	0,	0,	0,	0,	0
u =  0, 0, 0, 1, 1, 1, 1, 2, 2, 2, 2, 2, 2, 3, 3, 4, 4, 4, 4, 4, 4, 4, 4, 5, 5, 5, 5, 6, 6, 6, 7, 7, 7, 8, 8, 8, 8, 8, 9, 9
v =  1, 2, 4, 0, 2, 8, 9, 0, 1, 3, 4, 6, 8, 2, 4, 0, 2, 3, 5, 6, 7, 8, 9, 4, 6, 7, 8, 2, 4, 5, 4, 5, 8, 1, 2, 4, 5, 7, 1, 4
e =  256, 128, 128, 256, 128, 128, 1024, 128, 128, 1024, 1024, 256, 128, 1024, 1024, 128, 1024, 1024, 256, 1024, 1024, 128, 128, 256, 256, 512, 128, 256, 1024, 256, 1024, 512, 256, 128, 128, 128, 128, 256, 1024, 128
x = 0,0,0,0,0,0,0,0,0,0
y = 0,0,0,0,0,0,0,0,0,0
