[general]
path = outputs/system/

[chiplets]
chiplet_count = 9
widths = 	9,	11,	5,	16,	20,	15,	22,	9,	27
heights = 	11,	12,	4,	18,	21,	13,	26,	9,	25
powers = 	145,	49,	48,	119,	114,	55,	153,	79,	19
target_reward = 0
connections = 0,	512,	256,	512,	0,	256,	1024,	0,	1024;
			512,	0,	512,	0,	256,	512,	0,	0,	0;
			256,	512,	0,	0,	0,	0,	128,	512,	0;
			512,	0,	0,	0,	0,	128,	0,	128,	0;
			0,	256,	0,	0,	0,	512,	0,	128,	0;
			256,	512,	0,	128,	512,	0,	1024,	512,	512;
			1024,	0,	128,	0,	0,	1024,	0,	256,	0;
			0,	0,	512,	128,	128,	512,	256,	0,	128;
			1024,	0,	0,	0,	0,	512,	0,	128,	0
u =  0, 0, 0, 0, 0, 0, 1, 1, 1, 1, 2, 2, 2, 2, 3, 3, 3, 4, 4, 4, 5, 5, 5, 5, 5, 5, 5, 6, 6, 6, 6, 7, 7, 7, 7, 7, 7, 8, 8, 8
v =  1, 2, 3, 5, 6, 8, 0, 2, 4, 5, 0, 1, 6, 7, 0, 5, 7, 1, 5, 7, 0, 1, 3, 4, 6, 7, 8, 0, 2, 5, 7, 2, 3, 4, 5, 6, 8, 0, 5, 7
e =  512, 256, 512, 256, 1024, 1024, 512, 512, 256, 512, 256, 512, 128, 512, 512, 128, 128, 256, 512, 128, 256, 512, 128, 512, 1024, 512, 512, 1024, 128, 1024, 256, 512, 128, 128, 512, 256, 128, 1024, 512, 128
x = 0,0,0,0,0,0,0,0,0
y = 0,0,0,0,0,0,0,0,0
