[general]
path = outputs/system/

[chiplets]
chiplet_count = 9
widths = 	19,	25,	17,	22,	27,	27,	19,	21,	28
heights = 	18,	22,	19,	23,	23,	28,	22,	20,	29
powers = 	14,	198,	73,	83,	42,	123,	86,	186,	194
target_reward = 0
connections = 0,	0,	0,	0,	0,	0,	0,	512,	1024;
			0,	0,	256,	0,	256,	0,	0,	0,	0;
			0,	256,	0,	1024,	256,	128,	0,	1024,	1024;
			0,	0,	1024,	0,	256,	512,	0,	0,	0;
			0,	256,	256,	256,	0,	128,	0,	1024,	0;
			0,	0,	128,	512,	128,	0,	1024,	0,	0;
			0,	0,	0,	0,	0,	1024,	0,	1024,	0;
			512,	0,	1024,	0,	1024,	0,	1024,	0,	512;
			1024,	0,	1024,	0,	0,	0,	0,	512,	0
u =  0, 0, 1, 1, 2, 2, 2, 2, 2, 2, 3, 3, 3, 4, 4, 4, 4, 4, 5, 5, 5, 5, 6, 6, 7, 7, 7, 7, 7, 8, 8, 8
v =  7, 8, 2, 4, 1, 3, 4, 5, 7, 8, 2, 4, 5, 1, 2, 3, 5, 7, 2, 3, 4, 6, 5, 7, 0, 2, 4, 6, 8, 0, 2, 7
e =  512, 1024, 256, 256, 256, 1024, 256, 128, 1024, 1024, 1024, 256, 512, 256, 256, 256, 128, 1024, 128, 512, 128, 1024, 1024, 1024, 512, 1024, 1024, 1024, 512, 1024, 1024, 512
x = 0,0,0,0,0,0,0,0,0
y = 0,0,0,0,0,0,0,0,0
