[general]
path = outputs/system/

[chiplets]
chiplet_count = 11
widths = 	22,	18,	20,	18,	25,	29,	13,	28,	12,	30,	22
heights = 	20,	15,	21,	22,	24,	25,	12,	29,	11,	29,	25
powers = 	8,	70,	126,	162,	80,	110,	175,	133,	44,	127,	170
target_reward = 0
connections = 0,	128,	256,	0,	0,	0,	256,	0,	1024,	0,	0;
			128,	0,	256,	0,	0,	256,	0,	0,	0,	0,	512;
			256,	256,	0,	0,	128,	0,	0,	512,	0,	0,	512;
			0,	0,	0,	0,	0,	0,	0,	0,	1024,	0,	1024;
			0,	0,	128,	0,	0,	128,	0,	0,	0,	256,	0;
			0,	256,	0,	0,	128,	0,	256,	128,	0,	0,	1024;
			256,	0,	0,	0,	0,	256,	0,	256,	0,	128,	1024;
			0,	0,	512,	0,	0,	128,	256,	0,	0,	0,	0;
			1024,	0,	0,	1024,	0,	0,	0,	0,	0,	0,	0;
			0,	0,	0,	0,	256,	0,	128,	0,	0,	0,	0;
			0,	512,	512,	1024,	0,	1024,	1024,	0,	0,	0,	0
u =  0, 0, 0, 0, 1, 1, 1, 1, 2, 2, 2, 2, 2, 3, 3, 4, 4, 4, 5, 5, 5, 5, 5, 6, 6, 6, 6, 6, 7, 7, 7, 8, 8, 9, 9, 10, 10, 10, 10, 10
v =  1, 2, 6, 8, 0, 2, 5, 10, 0, 1, 4, 7, 10, 8, 10, 2, 5, 9, 1, 4, 6, 7, 10, 0, 5, 7, 9, 10, 2, 5, 6, 0, 3, 4, 6, 1, 2, 3, 5, 6
e =  128, 256, 256, 1024, 128, 256, 256, 512, 256, 256, 128, 512, 512, 1024, 1024, 128, 128, 256, 256, 128, 256, 128, 1024, 256, 256, 256, 128, 1024, 512, 128, 256, 1024, 1024, 256, 128, 512, 512, 1024, 1024, 1024
x = 0,0,0,0,0,0,0,0,0,0,0
y = 0,0,0,0,0,0,0,0,0,0,0
