[general]
path = outputs/system/

[chiplets]
chiplet_count = 8
widths = 	10,	25,	12,	13,	30,	27,	26,	14
heights = 	11,	25,	13,	14,	30,	30,	29,	14
powers = 	67,	58,	197,	73,	67,	121,	101,	51
target_reward = 0
connections = 0,	0,	256,	0,	1024,	256,	0,	0;
			0,	0,	1024,	1024,	0,	0,	512,	0;
			256,	1024,	0,	256,	128,	256,	512,	0;
			0,	1024,	256,	0,	0,	0,	1024,	0;
			1024,	0,	128,	0,	0,	0,	0,	0;
			256,	0,	256,	0,	0,	0,	128,	256;
			0,	512,	512,	1024,	0,	128,	0,	256;
			0,	0,	0,	0,	0,	256,	256,	0
u =  0, 0, 0, 1, 1, 1, 2, 2, 2, 2, 2, 2, 3, 3, 3, 4, 4, 5, 5, 5, 5, 6, 6, 6, 6, 6, 7, 7
v =  2, 4, 5, 2, 3, 6, 0, 1, 3, 4, 5, 6, 1, 2, 6, 0, 2, 0, 2, 6, 7, 1, 2, 3, 5, 7, 5, 6
e =  256, 1024, 256, 1024, 1024, 512, 256, 1024, 256, 128, 256, 512, 1024, 256, 1024, 1024, 128, 256, 256, 128, 256, 512, 512, 1024, 128, 256, 256, 256
x = 0,0,0,0,0,0,0,0
y = 0,0,0,0,0,0,0,0
