[general]
path = outputs/system/

[chiplets]
chiplet_count = 8
widths = 	6,	25,	14,	11,	20,	10,	21,	12
heights = 	5,	22,	17,	10,	17,	11,	22,	13
powers = 	169,	45,	136,	178,	130,	36,	140,	106
target_reward = 0
connections = 0,	256,	1024,	0,	0,	128,	0,	0;
			256,	0,	0,	512,	0,	0,	0,	512;
			1024,	0,	0,	0,	0,	256,	128,	0;
			0,	512,	0,	0,	0,	0,	1024,	0;
			0,	0,	0,	0,	0,	1024,	512,	0;
			128,	0,	256,	0,	1024,	0,	128,	512;
			0,	0,	128,	1024,	512,	128,	0,	512;
			0,	512,	0,	0,	0,	512,	512,	0
u =  0, 0, 0, 1, 1, 1, 2, 2, 2, 3, 3, 4, 4, 5, 5, 5, 5, 5, 6, 6, 6, 6, 6, 7, 7, 7
v =  1, 2, 5, 0, 3, 7, 0, 5, 6, 1, 6, 5, 6, 0, 2, 4, 6, 7, 2, 3, 4, 5, 7, 1, 5, 6
e =  256, 1024, 128, 256, 512, 512, 1024, 256, 128, 512, 1024, 1024, 512, 128, 256, 1024, 128, 512, 128, 1024, 512, 128, 512, 512, 512, 512
x = 0,0,0,0,0,0,0,0
y = 0,0,0,0,0,0,0,0
