[general]
path = outputs/system/

[chiplets]
chiplet_count = 8
widths = 	15,	14,	22,	24,	6,	24,	21,	10
heights = 	16,	14,	26,	28,	7,	29,	21,	11
powers = 	112,	129,	176,	61,	47,	95,	55,	125
target_reward = 0
connections = 0,	256,	0,	0,	0,	0,	0,	128;
			256,	0,	512,	1024,	0,	0,	0,	0;
			0,	512,	0,	512,	1024,	0,	256,	1024;
			0,	1024,	512,	0,	128,	128,	256,	0;
			0,	0,	1024,	128,	0,	0,	512,	0;
			0,	0,	0,	128,	0,	0,	0,	0;
			0,	0,	256,	256,	512,	0,	0,	256;
			128,	0,	1024,	0,	0,	0,	256,	0
u =  0, 0, 1, 1, 1, 2, 2, 2, 2, 2, 3, 3, 3, 3, 3, 4, 4, 4, 5, 6, 6, 6, 6, 7, 7, 7
v =  1, 7, 0, 2, 3, 1, 3, 4, 6, 7, 1, 2, 4, 5, 6, 2, 3, 6, 3, 2, 3, 4, 7, 0, 2, 6
e =  256, 128, 256, 512, 1024, 512, 512, 1024, 256, 1024, 1024, 512, 128, 128, 256, 1024, 128, 512, 128, 256, 256, 512, 256, 128, 1024, 256
x = 0,0,0,0,0,0,0,0
y = 0,0,0,0,0,0,0,0
