[general]
path = outputs/system/

[chiplets]
chiplet_count = 9
widths = 	20,	18,	21,	18,	23,	17,	5,	23,	17
heights = 	20,	18,	24,	21,	24,	19,	6,	27,	19
powers = 	120,	95,	121,	56,	200,	4,	62,	75,	89
target_reward = 0
connections = 0,	0,	0,	0,	256,	0,	0,	0,	0;
			0,	0,	256,	0,	0,	0,	0,	256,	512;
			0,	256,	0,	128,	0,	0,	1024,	0,	0;
			0,	0,	128,	0,	256,	0,	0,	0,	0;
			256,	0,	0,	256,	0,	0,	1024,	0,	256;
			0,	0,	0,	0,	0,	0,	1024,	128,	0;
			0,	0,	1024,	0,	1024,	1024,	0,	256,	1024;
			0,	256,	0,	0,	0,	128,	256,	0,	256;
			0,	512,	0,	0,	256,	0,	1024,	256,	0
u =  0, 1, 1, 1, 2, 2, 2, 3, 3, 4, 4, 4, 4, 5, 5, 6, 6, 6, 6, 6, 7, 7, 7, 7, 8, 8, 8, 8
v =  4, 2, 7, 8, 1, 3, 6, 2, 4, 0, 3, 6, 8, 6, 7, 2, 4, 5, 7, 8, 1, 5, 6, 8, 1, 4, 6, 7
e =  256, 256, 256, 512, 256, 128, 1024, 128, 256, 256, 256, 1024, 256, 1024, 128, 1024, 1024, 1024, 256, 1024, 256, 128, 256, 256, 512, 256, 1024, 256
x = 0,0,0,0,0,0,0,0,0
y = 0,0,0,0,0,0,0,0,0
