[general]
path = outputs/system/

[chiplets]
chiplet_count = 8
widths = 	7,	14,	30,	19,	25,	25,	24,	27
heights = 	8,	13,	30,	20,	25,	20,	27,	25
powers = 	145,	74,	2,	138,	139,	182,	150,	175
target_reward = 0
connections = 0,	0,	0,	128,	0,	0,	128,	256;
			0,	0,	0,	256,	0,	0,	0,	1024;
			0,	0,	0,	0,	0,	256,	0,	256;
			128,	256,	0,	0,	1024,	512,	0,	0;
			0,	0,	0,	1024,	0,	256,	1024,	128;
			0,	0,	256,	512,	256,	0,	256,	0;
			128,	0,	0,	0,	1024,	256,	0,	0;
			256,	1024,	256,	0,	128,	0,	0,	0
u =  0, 0, 0, 1, 1, 2, 2, 3, 3, 3, 3, 4, 4, 4, 4, 5, 5, 5, 5, 6, 6, 6, 7, 7, 7, 7
v =  3, 6, 7, 3, 7, 5, 7, 0, 1, 4, 5, 3, 5, 6, 7, 2, 3, 4, 6, 0, 4, 5, 0, 1, 2, 4
e =  128, 128, 256, 256, 1024, 256, 256, 128, 256, 1024, 512, 1024, 256, 1024, 128, 256, 512, 256, 256, 128, 1024, 256, 256, 1024, 256, 128
x = 0,0,0,0,0,0,0,0
y = 0,0,0,0,0,0,0,0
