[general]
path = outputs/system/

[chiplets]
chiplet_count = 11
widths = 	29,	20,	10,	19,	14,	20,	27,	7,	26,	16,	27
heights = 	30,	24,	12,	18,	15,	21,	28,	6,	30,	20,	25
powers = 	146,	80,	76,	4,	189,	52,	127,	20,	140,	128,	21
target_reward = 0
connections = 0,	0,	0,	0,	1024,	1024,	0,	512,	512,	512,	0;
			0,	0,	0,	128,	0,	0,	0,	512,	1024,	0,	0;
			0,	0,	0,	0,	0,	0,	0,	512,	0,	0,	0;
			0,	128,	0,	0,	0,	512,	0,	0,	0,	512,	1024;
			1024,	0,	0,	0,	0,	0,	512,	128,	0,	0,	0;
			1024,	0,	0,	512,	0,	0,	0,	1024,	0,	128,	0;
			0,	0,	0,	0,	512,	0,	0,	256,	0,	512,	0;
			512,	512,	512,	0,	128,	1024,	256,	0,	0,	0,	0;
			512,	1024,	0,	0,	0,	0,	0,	0,	0,	256,	0;
			512,	0,	0,	512,	0,	128,	512,	0,	256,	0,	0;
			0,	0,	0,	1024,	0,	0,	0,	0,	0,	0,	0
u =  0, 0, 0, 0, 0, 1, 1, 1, 2, 3, 3, 3, 3, 4, 4, 4, 5, 5, 5, 5, 6, 6, 6, 7, 7, 7, 7, 7, 7, 8, 8, 8, 9, 9, 9, 9, 9, 10
v =  4, 5, 7, 8, 9, 3, 7, 8, 7, 1, 5, 9, 10, 0, 6, 7, 0, 3, 7, 9, 4, 7, 9, 0, 1, 2, 4, 5, 6, 0, 1, 9, 0, 3, 5, 6, 8, 3
e =  1024, 1024, 512, 512, 512, 128, 512, 1024, 512, 128, 512, 512, 1024, 1024, 512, 128, 1024, 512, 1024, 128, 512, 256, 512, 512, 512, 512, 128, 1024, 256, 512, 1024, 256, 512, 512, 128, 512, 256, 1024
x = 0,0,0,0,0,0,0,0,0,0,0
y = 0,0,0,0,0,0,0,0,0,0,0
