[general]
path = outputs/system/

[chiplets]
chiplet_count = 7
widths = 	23,	4,	29,	23,	22,	10,	26
heights = 	20,	5,	25,	27,	22,	10,	28
powers = 	132,	126,	74,	98,	29,	10,	107
target_reward = 0
connections = 0,	0,	0,	256,	0,	0,	0;
			0,	0,	1024,	1024,	512,	0,	512;
			0,	1024,	0,	256,	0,	0,	256;
			256,	1024,	256,	0,	1024,	1024,	512;
			0,	512,	0,	1024,	0,	1024,	128;
			0,	0,	0,	1024,	1024,	0,	512;
			0,	512,	256,	512,	128,	512,	0
u =  0, 1, 1, 1, 1, 2, 2, 2, 3, 3, 3, 3, 3, 3, 4, 4, 4, 4, 5, 5, 5, 6, 6, 6, 6, 6
v =  3, 2, 3, 4, 6, 1, 3, 6, 0, 1, 2, 4, 5, 6, 1, 3, 5, 6, 3, 4, 6, 1, 2, 3, 4, 5
e =  256, 1024, 1024, 512, 512, 1024, 256, 256, 256, 1024, 256, 1024, 1024, 512, 512, 1024, 1024, 128, 1024, 1024, 512, 512, 256, 512, 128, 512
x = 0,0,0,0,0,0,0
y = 0,0,0,0,0,0,0
