[general]
path = outputs/system/

[chiplets]
chiplet_count = 9
widths = 	3,	16,	14,	26,	15,	28,	18,	17,	30
heights = 	3,	16,	15,	22,	14,	25,	18,	20,	27
powers = 	151,	119,	117,	184,	104,	99,	120,	67,	187
target_reward = 0
connections = 0,	256,	512,	256,	0,	0,	0,	256,	0;
			256,	0,	1024,	0,	0,	1024,	128,	0,	0;
			512,	1024,	0,	0,	0,	1024,	0,	1024,	512;
			256,	0,	0,	0,	512,	0,	0,	0,	0;
			0,	0,	0,	512,	0,	0,	0,	0,	256;
			0,	1024,	1024,	0,	0,	0,	512,	1024,	0;
			0,	128,	0,	0,	0,	512,	0,	512,	0;
			256,	0,	1024,	0,	0,	1024,	512,	0,	0;
			0,	0,	512,	0,	256,	0,	0,	0,	0
u =  0, 0, 0, 0, 1, 1, 1, 1, 2, 2, 2, 2, 2, 3, 3, 4, 4, 5, 5, 5, 5, 6, 6, 6, 7, 7, 7, 7, 8, 8
v =  1, 2, 3, 7, 0, 2, 5, 6, 0, 1, 5, 7, 8, 0, 4, 3, 8, 1, 2, 6, 7, 1, 5, 7, 0, 2, 5, 6, 2, 4
e =  256, 512, 256, 256, 256, 1024, 1024, 128, 512, 1024, 1024, 1024, 512, 256, 512, 512, 256, 1024, 1024, 512, 1024, 128, 512, 512, 256, 1024, 1024, 512, 512, 256
x = 0,0,0,0,0,0,0,0,0
y = 0,0,0,0,0,0,0,0,0
