[general]
path = outputs/system/

[chiplets]
chiplet_count = 8
widths = 	22,	26,	15,	30,	7,	20,	7,	7
heights = 	21,	28,	17,	24,	6,	22,	8,	7
powers = 	86,	38,	102,	105,	18,	2,	158,	104
target_reward = 0
connections = 0,	0,	512,	0,	1024,	128,	1024,	256;
			0,	0,	0,	1024,	0,	0,	0,	0;
			512,	0,	0,	256,	0,	512,	128,	256;
			0,	1024,	256,	0,	1024,	128,	512,	0;
			1024,	0,	0,	1024,	0,	256,	256,	0;
			128,	0,	512,	128,	256,	0,	128,	128;
			1024,	0,	128,	512,	256,	128,	0,	0;
			256,	0,	256,	0,	0,	128,	0,	0
u =  0, 0, 0, 0, 0, 1, 2, 2, 2, 2, 2, 3, 3, 3, 3, 3, 4, 4, 4, 4, 5, 5, 5, 5, 5, 5, 6, 6, 6, 6, 6, 7, 7, 7
v =  2, 4, 5, 6, 7, 3, 0, 3, 5, 6, 7, 1, 2, 4, 5, 6, 0, 3, 5, 6, 0, 2, 3, 4, 6, 7, 0, 2, 3, 4, 5, 0, 2, 5
e =  512, 1024, 128, 1024, 256, 1024, 512, 256, 512, 128, 256, 1024, 256, 1024, 128, 512, 1024, 1024, 256, 256, 128, 512, 128, 256, 128, 128, 1024, 128, 512, 256, 128, 256, 256, 128
x = 0,0,0,0,0,0,0,0
y = 0,0,0,0,0,0,0,0
