[general]
path = outputs/system/

[chiplets]
chiplet_count = 8
widths = 	9,	9,	21,	23,	30,	9,	25,	22
heights = 	8,	10,	26,	26,	29,	9,	22,	23
powers = 	129,	117,	5,	92,	61,	40,	37,	89
target_reward = 0
connections = 0,	512,	1024,	1024,	256,	0,	256,	0;
			512,	0,	128,	256,	0,	0,	0,	0;
			1024,	128,	0,	512,	128,	512,	0,	128;
			1024,	256,	512,	0,	512,	0,	1024,	0;
			256,	0,	128,	512,	0,	0,	128,	128;
			0,	0,	512,	0,	0,	0,	512,	0;
			256,	0,	0,	1024,	128,	512,	0,	0;
			0,	0,	128,	0,	128,	0,	0,	0
u =  0, 0, 0, 0, 0, 1, 1, 1, 2, 2, 2, 2, 2, 2, 3, 3, 3, 3, 3, 4, 4, 4, 4, 4, 5, 5, 6, 6, 6, 6, 7, 7
v =  1, 2, 3, 4, 6, 0, 2, 3, 0, 1, 3, 4, 5, 7, 0, 1, 2, 4, 6, 0, 2, 3, 6, 7, 2, 6, 0, 3, 4, 5, 2, 4
e =  512, 1024, 1024, 256, 256, 512, 128, 256, 1024, 128, 512, 128, 512, 128, 1024, 256, 512, 512, 1024, 256, 128, 512, 128, 128, 512, 512, 256, 1024, 128, 512, 128, 128
x = 0,0,0,0,0,0,0,0
y = 0,0,0,0,0,0,0,0
