[general]
path = outputs/system/

[chiplets]
chiplet_count = 10
widths = 	15,	24,	14,	10,	13,	26,	10,	9,	23,	17
heights = 	18,	24,	13,	8,	13,	22,	9,	11,	27,	19
powers = 	5,	137,	105,	106,	72,	124,	133,	162,	53,	156
target_reward = 0
connections = 0,	0,	1024,	256,	0,	1024,	0,	512,	1024,	0;
			0,	0,	0,	0,	512,	0,	0,	0,	0,	512;
			1024,	0,	0,	128,	256,	0,	0,	1024,	0,	0;
			256,	0,	128,	0,	256,	256,	1024,	0,	0,	512;
			0,	512,	256,	256,	0,	128,	0,	0,	0,	512;
			1024,	0,	0,	256,	128,	0,	0,	0,	0,	0;
			0,	0,	0,	1024,	0,	0,	0,	128,	128,	128;
			512,	0,	1024,	0,	0,	0,	128,	0,	0,	0;
			1024,	0,	0,	0,	0,	0,	128,	0,	0,	0;
			0,	512,	0,	512,	512,	0,	128,	0,	0,	0
u =  0, 0, 0, 0, 0, 1, 1, 2, 2, 2, 2, 3, 3, 3, 3, 3, 3, 4, 4, 4, 4, 4, 5, 5, 5, 6, 6, 6, 6, 7, 7, 7, 8, 8, 9, 9, 9, 9
v =  2, 3, 5, 7, 8, 4, 9, 0, 3, 4, 7, 0, 2, 4, 5, 6, 9, 1, 2, 3, 5, 9, 0, 3, 4, 3, 7, 8, 9, 0, 2, 6, 0, 6, 1, 3, 4, 6
e =  1024, 256, 1024, 512, 1024, 512, 512, 1024, 128, 256, 1024, 256, 128, 256, 256, 1024, 512, 512, 256, 256, 128, 512, 1024, 256, 128, 1024, 128, 128, 128, 512, 1024, 128, 1024, 128, 512, 512, 512, 128
x = 0,0,0,0,0,0,0,0,0,0
y = 0,0,0,0,0,0,0,0,0,0
