[general]
path = outputs/system/

[chiplets]
chiplet_count = 7
widths = 	20,	9,	18,	25,	24,	20,	30
heights = 	23,	10,	21,	28,	28,	16,	25
powers = 	34,	12,	14,	39,	132,	53,	139
target_reward = 0
connections = 0,	0,	1024,	0,	0,	1024,	0;
			0,	0,	256,	1024,	0,	512,	0;
			1024,	256,	0,	1024,	128,	1024,	1024;
			0,	1024,	1024,	0,	256,	128,	512;
			0,	0,	128,	256,	0,	1024,	0;
			1024,	512,	1024,	128,	1024,	0,	1024;
			0,	0,	1024,	512,	0,	1024,	0
u =  0, 0, 1, 1, 1, 2, 2, 2, 2, 2, 2, 3, 3, 3, 3, 3, 4, 4, 4, 5, 5, 5, 5, 5, 5, 6, 6, 6
v =  2, 5, 2, 3, 5, 0, 1, 3, 4, 5, 6, 1, 2, 4, 5, 6, 2, 3, 5, 0, 1, 2, 3, 4, 6, 2, 3, 5
e =  1024, 1024, 256, 1024, 512, 1024, 256, 1024, 128, 1024, 1024, 1024, 1024, 256, 128, 512, 128, 256, 1024, 1024, 512, 1024, 128, 1024, 1024, 1024, 512, 1024
x = 0,0,0,0,0,0,0
y = 0,0,0,0,0,0,0
