[general]
path = outputs/system/

[chiplets]
chiplet_count = 11
widths = 	24,	15,	24,	16,	26,	14,	21,	29,	29,	13,	19
heights = 	23,	18,	20,	19,	21,	17,	21,	30,	24,	15,	16
powers = 	63,	63,	146,	15,	141,	173,	144,	170,	189,	152,	31
target_reward = 0
connections = 0,	0,	0,	512,	128,	512,	0,	0,	128,	1024,	128;
			0,	0,	256,	256,	0,	0,	0,	0,	0,	256,	512;
			0,	256,	0,	1024,	128,	0,	256,	0,	0,	128,	0;
			512,	256,	1024,	0,	256,	0,	0,	0,	0,	0,	0;
			128,	0,	128,	256,	0,	0,	0,	0,	0,	0,	0;
			512,	0,	0,	0,	0,	0,	0,	512,	0,	0,	0;
			0,	0,	256,	0,	0,	0,	0,	256,	0,	512,	0;
			0,	0,	0,	0,	0,	512,	256,	0,	0,	256,	256;
			128,	0,	0,	0,	0,	0,	0,	0,	0,	0,	0;
			1024,	256,	128,	0,	0,	0,	512,	256,	0,	0,	0;
			128,	512,	0,	0,	0,	0,	0,	256,	0,	0,	0
u =  0, 0, 0, 0, 0, 0, 1, 1, 1, 1, 2, 2, 2, 2, 2, 3, 3, 3, 3, 4, 4, 4, 5, 5, 6, 6, 6, 7, 7, 7, 7, 8, 9, 9, 9, 9, 9, 10, 10, 10
v =  3, 4, 5, 8, 9, 10, 2, 3, 9, 10, 1, 3, 4, 6, 9, 0, 1, 2, 4, 0, 2, 3, 0, 7, 2, 7, 9, 5, 6, 9, 10, 0, 0, 1, 2, 6, 7, 0, 1, 7
e =  512, 128, 512, 128, 1024, 128, 256, 256, 256, 512, 256, 1024, 128, 256, 128, 512, 256, 1024, 256, 128, 128, 256, 512, 512, 256, 256, 512, 512, 256, 256, 256, 128, 1024, 256, 128, 512, 256, 128, 512, 256
x = 0,0,0,0,0,0,0,0,0,0,0
y = 0,0,0,0,0,0,0,0,0,0,0
