[general]
path = outputs/system/

[chiplets]
chiplet_count = 8
widths = 	30,	27,	19,	19,	24,	20,	18,	29
heights = 	24,	26,	18,	22,	25,	20,	21,	28
powers = 	60,	193,	50,	41,	166,	129,	120,	159
target_reward = 0
connections = 0,	1024,	256,	1024,	0,	0,	128,	0;
			1024,	0,	1024,	0,	0,	0,	0,	0;
			256,	1024,	0,	512,	256,	128,	0,	0;
			1024,	0,	512,	0,	512,	512,	0,	0;
			0,	0,	256,	512,	0,	0,	1024,	0;
			0,	0,	128,	512,	0,	0,	0,	256;
			128,	0,	0,	0,	1024,	0,	0,	0;
			0,	0,	0,	0,	0,	256,	0,	0
u =  0, 0, 0, 0, 1, 1, 2, 2, 2, 2, 2, 3, 3, 3, 3, 4, 4, 4, 5, 5, 5, 6, 6, 7
v =  1, 2, 3, 6, 0, 2, 0, 1, 3, 4, 5, 0, 2, 4, 5, 2, 3, 6, 2, 3, 7, 0, 4, 5
e =  1024, 256, 1024, 128, 1024, 1024, 256, 1024, 512, 256, 128, 1024, 512, 512, 512, 256, 512, 1024, 128, 512, 256, 128, 1024, 256
x = 0,0,0,0,0,0,0,0
y = 0,0,0,0,0,0,0,0
