[general]
path = outputs/system/

[chiplets]
chiplet_count = 9
widths = 	12,	25,	12,	13,	23,	16,	13,	18,	17
heights = 	10,	28,	11,	11,	27,	16,	14,	19,	19
powers = 	105,	193,	162,	80,	177,	193,	113,	147,	105
target_reward = 0
connections = 0,	1024,	512,	0,	0,	0,	0,	1024,	0;
			1024,	0,	0,	512,	256,	0,	1024,	0,	512;
			512,	0,	0,	256,	128,	0,	0,	0,	256;
			0,	512,	256,	0,	256,	256,	0,	0,	0;
			0,	256,	128,	256,	0,	0,	0,	0,	512;
			0,	0,	0,	256,	0,	0,	0,	0,	0;
			0,	1024,	0,	0,	0,	0,	0,	256,	1024;
			1024,	0,	0,	0,	0,	0,	256,	0,	128;
			0,	512,	256,	0,	512,	0,	1024,	128,	0
u =  0, 0, 0, 1, 1, 1, 1, 1, 2, 2, 2, 2, 3, 3, 3, 3, 4, 4, 4, 4, 5, 6, 6, 6, 7, 7, 7, 8, 8, 8, 8, 8
v =  1, 2, 7, 0, 3, 4, 6, 8, 0, 3, 4, 8, 1, 2, 4, 5, 1, 2, 3, 8, 3, 1, 7, 8, 0, 6, 8, 1, 2, 4, 6, 7
e =  1024, 512, 1024, 1024, 512, 256, 1024, 512, 512, 256, 128, 256, 512, 256, 256, 256, 256, 128, 256, 512, 256, 1024, 256, 1024, 1024, 256, 128, 512, 256, 512, 1024, 128
x = 0,0,0,0,0,0,0,0,0
y = 0,0,0,0,0,0,0,0,0
