[general]
path = outputs/system/

[chiplets]
chiplet_count = 10
widths = 	9,	24,	16,	25,	13,	8,	27,	11,	24,	24
heights = 	10,	24,	20,	22,	14,	9,	25,	10,	21,	26
powers = 	53,	6,	106,	77,	89,	54,	148,	173,	64,	85
target_reward = 0
connections = 0,	128,	128,	0,	512,	0,	512,	0,	512,	128;
			128,	0,	1024,	1024,	0,	128,	0,	0,	0,	0;
			128,	1024,	0,	128,	0,	128,	0,	1024,	0,	0;
			0,	1024,	128,	0,	1024,	0,	0,	0,	0,	0;
			512,	0,	0,	1024,	0,	0,	0,	512,	512,	0;
			0,	128,	128,	0,	0,	0,	1024,	0,	0,	0;
			512,	0,	0,	0,	0,	1024,	0,	0,	0,	256;
			0,	0,	1024,	0,	512,	0,	0,	0,	256,	0;
			512,	0,	0,	0,	512,	0,	0,	256,	0,	1024;
			128,	0,	0,	0,	0,	0,	256,	0,	1024,	0
u =  0, 0, 0, 0, 0, 0, 1, 1, 1, 1, 2, 2, 2, 2, 2, 3, 3, 3, 4, 4, 4, 4, 5, 5, 5, 6, 6, 6, 7, 7, 7, 8, 8, 8, 8, 9, 9, 9
v =  1, 2, 4, 6, 8, 9, 0, 2, 3, 5, 0, 1, 3, 5, 7, 1, 2, 4, 0, 3, 7, 8, 1, 2, 6, 0, 5, 9, 2, 4, 8, 0, 4, 7, 9, 0, 6, 8
e =  128, 128, 512, 512, 512, 128, 128, 1024, 1024, 128, 128, 1024, 128, 128, 1024, 1024, 128, 1024, 512, 1024, 512, 512, 128, 128, 1024, 512, 1024, 256, 1024, 512, 256, 512, 512, 256, 1024, 128, 256, 1024
x = 0,0,0,0,0,0,0,0,0,0
y = 0,0,0,0,0,0,0,0,0,0
