[general]
path = outputs/system/

[chiplets]
chiplet_count = 11
widths = 	8,	10,	29,	9,	6,	6,	24,	24,	10,	12,	30
heights = 	10,	11,	28,	8,	5,	7,	21,	30,	9,	10,	28
powers = 	159,	165,	94,	10,	36,	53,	33,	166,	60,	101,	158
target_reward = 0
connections = 0,	0,	0,	0,	0,	0,	128,	0,	0,	0,	0;
			0,	0,	256,	0,	0,	512,	512,	512,	0,	0,	0;
			0,	256,	0,	0,	0,	0,	1024,	0,	0,	0,	0;
			0,	0,	0,	0,	256,	0,	0,	0,	0,	128,	0;
			0,	0,	0,	256,	0,	0,	256,	0,	128,	0,	0;
			0,	512,	0,	0,	0,	0,	512,	0,	256,	0,	0;
			128,	512,	1024,	0,	256,	512,	0,	512,	0,	1024,	0;
			0,	512,	0,	0,	0,	0,	512,	0,	128,	256,	0;
			0,	0,	0,	0,	128,	256,	0,	128,	0,	512,	1024;
			0,	0,	0,	128,	0,	0,	1024,	256,	512,	0,	256;
			0,	0,	0,	0,	0,	0,	0,	0,	1024,	256,	0
u =  0, 1, 1, 1, 1, 2, 2, 3, 3, 4, 4, 4, 5, 5, 5, 6, 6, 6, 6, 6, 6, 6, 7, 7, 7, 7, 8, 8, 8, 8, 8, 9, 9, 9, 9, 9, 10, 10
v =  6, 2, 5, 6, 7, 1, 6, 4, 9, 3, 6, 8, 1, 6, 8, 0, 1, 2, 4, 5, 7, 9, 1, 6, 8, 9, 4, 5, 7, 9, 10, 3, 6, 7, 8, 10, 8, 9
e =  128, 256, 512, 512, 512, 256, 1024, 256, 128, 256, 256, 128, 512, 512, 256, 128, 512, 1024, 256, 512, 512, 1024, 512, 512, 128, 256, 128, 256, 128, 512, 1024, 128, 1024, 256, 512, 256, 1024, 256
x = 0,0,0,0,0,0,0,0,0,0,0
y = 0,0,0,0,0,0,0,0,0,0,0
