[general]
path = outputs/system/

[chiplets]
chiplet_count = 8
widths = 	13,	9,	16,	5,	28,	13,	19,	16
heights = 	14,	9,	18,	5,	23,	16,	19,	15
powers = 	34,	100,	24,	131,	134,	186,	21,	10
target_reward = 0
connections = 0,	1024,	128,	0,	0,	512,	0,	0;
			1024,	0,	512,	256,	0,	256,	0,	512;
			128,	512,	0,	128,	0,	0,	512,	0;
			0,	256,	128,	0,	256,	256,	1024,	0;
			0,	0,	0,	256,	0,	128,	0,	512;
			512,	256,	0,	256,	128,	0,	0,	0;
			0,	0,	512,	1024,	0,	0,	0,	0;
			0,	512,	0,	0,	512,	0,	0,	0
u =  0, 0, 0, 1, 1, 1, 1, 1, 2, 2, 2, 2, 3, 3, 3, 3, 3, 4, 4, 4, 5, 5, 5, 5, 6, 6, 7, 7
v =  1, 2, 5, 0, 2, 3, 5, 7, 0, 1, 3, 6, 1, 2, 4, 5, 6, 3, 5, 7, 0, 1, 3, 4, 2, 3, 1, 4
e =  1024, 128, 512, 1024, 512, 256, 256, 512, 128, 512, 128, 512, 256, 128, 256, 256, 1024, 256, 128, 512, 512, 256, 256, 128, 512, 1024, 512, 512
x = 0,0,0,0,0,0,0,0
y = 0,0,0,0,0,0,0,0
