[general]
path = outputs/system/

[chiplets]
chiplet_count = 10
widths = 	9,	14,	11,	22,	19,	25,	23,	7,	12,	9
heights = 	8,	15,	10,	25,	19,	29,	19,	6,	15,	11
powers = 	182,	15,	143,	105,	136,	137,	118,	76,	108,	115
target_reward = 0
connections = 0,	1024,	1024,	256,	0,	0,	1024,	0,	0,	512;
			1024,	0,	512,	0,	0,	0,	0,	0,	0,	0;
			1024,	512,	0,	0,	0,	256,	0,	0,	0,	1024;
			256,	0,	0,	0,	0,	0,	256,	128,	512,	0;
			0,	0,	0,	0,	0,	128,	0,	1024,	512,	1024;
			0,	0,	256,	0,	128,	0,	512,	0,	0,	0;
			1024,	0,	0,	256,	0,	512,	0,	0,	0,	1024;
			0,	0,	0,	128,	1024,	0,	0,	0,	512,	128;
			0,	0,	0,	512,	512,	0,	0,	512,	0,	1024;
			512,	0,	1024,	0,	1024,	0,	1024,	128,	1024,	0
u =  0, 0, 0, 0, 0, 1, 1, 2, 2, 2, 2, 3, 3, 3, 3, 4, 4, 4, 4, 5, 5, 5, 6, 6, 6, 6, 7, 7, 7, 7, 8, 8, 8, 8, 9, 9, 9, 9, 9, 9
v =  1, 2, 3, 6, 9, 0, 2, 0, 1, 5, 9, 0, 6, 7, 8, 5, 7, 8, 9, 2, 4, 6, 0, 3, 5, 9, 3, 4, 8, 9, 3, 4, 7, 9, 0, 2, 4, 6, 7, 8
e =  1024, 1024, 256, 1024, 512, 1024, 512, 1024, 512, 256, 1024, 256, 256, 128, 512, 128, 1024, 512, 1024, 256, 128, 512, 1024, 256, 512, 1024, 128, 1024, 512, 128, 512, 512, 512, 1024, 512, 1024, 1024, 1024, 128, 1024
x = 0,0,0,0,0,0,0,0,0,0
y = 0,0,0,0,0,0,0,0,0,0
