[general]
path = outputs/system/

[chiplets]
chiplet_count = 9
widths = 	22,	19,	22,	28,	18,	25,	22,	13,	28
heights = 	22,	18,	25,	30,	17,	28,	20,	14,	26
powers = 	151,	188,	140,	102,	111,	10,	166,	171,	158
target_reward = 0
connections = 0,	1024,	512,	0,	0,	512,	0,	0,	0;
			1024,	0,	0,	128,	0,	0,	0,	256,	0;
			512,	0,	0,	0,	0,	128,	1024,	0,	128;
			0,	128,	0,	0,	128,	128,	512,	128,	512;
			0,	0,	0,	128,	0,	256,	512,	0,	0;
			512,	0,	128,	128,	256,	0,	128,	0,	128;
			0,	0,	1024,	512,	512,	128,	0,	0,	128;
			0,	256,	0,	128,	0,	0,	0,	0,	256;
			0,	0,	128,	512,	0,	128,	128,	256,	0
u =  0, 0, 0, 1, 1, 1, 2, 2, 2, 2, 3, 3, 3, 3, 3, 3, 4, 4, 4, 5, 5, 5, 5, 5, 5, 6, 6, 6, 6, 6, 7, 7, 7, 8, 8, 8, 8, 8
v =  1, 2, 5, 0, 3, 7, 0, 5, 6, 8, 1, 4, 5, 6, 7, 8, 3, 5, 6, 0, 2, 3, 4, 6, 8, 2, 3, 4, 5, 8, 1, 3, 8, 2, 3, 5, 6, 7
e =  1024, 512, 512, 1024, 128, 256, 512, 128, 1024, 128, 128, 128, 128, 512, 128, 512, 128, 256, 512, 512, 128, 128, 256, 128, 128, 1024, 512, 512, 128, 128, 256, 128, 256, 128, 512, 128, 128, 256
x = 0,0,0,0,0,0,0,0,0
y = 0,0,0,0,0,0,0,0,0
