[general]
path = outputs/system/

[chiplets]
chiplet_count = 8
widths = 	5,	24,	29,	21,	19,	23,	14,	29
heights = 	6,	28,	25,	24,	19,	22,	17,	28
powers = 	153,	192,	27,	29,	31,	198,	124,	113
target_reward = 0
connections = 0,	0,	1024,	0,	512,	256,	0,	0;
			0,	0,	512,	0,	256,	1024,	256,	0;
			1024,	512,	0,	0,	0,	256,	0,	1024;
			0,	0,	0,	0,	0,	0,	128,	1024;
			512,	256,	0,	0,	0,	0,	0,	0;
			256,	1024,	256,	0,	0,	0,	256,	0;
			0,	256,	0,	128,	0,	256,	0,	512;
			0,	0,	1024,	1024,	0,	0,	512,	0
u =  0, 0, 0, 1, 1, 1, 1, 2, 2, 2, 2, 3, 3, 4, 4, 5, 5, 5, 5, 6, 6, 6, 6, 7, 7, 7
v =  2, 4, 5, 2, 4, 5, 6, 0, 1, 5, 7, 6, 7, 0, 1, 0, 1, 2, 6, 1, 3, 5, 7, 2, 3, 6
e =  1024, 512, 256, 512, 256, 1024, 256, 1024, 512, 256, 1024, 128, 1024, 512, 256, 256, 1024, 256, 256, 256, 128, 256, 512, 1024, 1024, 512
x = 0,0,0,0,0,0,0,0
y = 0,0,0,0,0,0,0,0
