[general]
path = outputs/system/

[chiplets]
chiplet_count = 8
widths = 	18,	28,	25,	16,	25,	25,	18,	24
heights = 	19,	24,	25,	13,	29,	30,	21,	28
powers = 	165,	171,	113,	164,	155,	89,	136,	179
target_reward = 0
connections = 0,	0,	0,	0,	512,	128,	0,	0;
			0,	0,	0,	0,	0,	128,	512,	256;
			0,	0,	0,	0,	0,	0,	128,	0;
			0,	0,	0,	0,	0,	256,	256,	128;
			512,	0,	0,	0,	0,	128,	256,	0;
			128,	128,	0,	256,	128,	0,	512,	256;
			0,	512,	128,	256,	256,	512,	0,	512;
			0,	256,	0,	128,	0,	256,	512,	0
u =  0, 0, 1, 1, 1, 2, 3, 3, 3, 4, 4, 4, 5, 5, 5, 5, 5, 5, 6, 6, 6, 6, 6, 6, 7, 7, 7, 7
v =  4, 5, 5, 6, 7, 6, 5, 6, 7, 0, 5, 6, 0, 1, 3, 4, 6, 7, 1, 2, 3, 4, 5, 7, 1, 3, 5, 6
e =  512, 128, 128, 512, 256, 128, 256, 256, 128, 512, 128, 256, 128, 128, 256, 128, 512, 256, 512, 128, 256, 256, 512, 512, 256, 128, 256, 512
x = 0,0,0,0,0,0,0,0
y = 0,0,0,0,0,0,0,0
