[general]
path = outputs/system/

[chiplets]
chiplet_count = 8
widths = 	12,	27,	22,	25,	27,	20,	20,	10
heights = 	13,	26,	26,	23,	25,	19,	20,	9
powers = 	111,	178,	195,	177,	103,	105,	22,	154
target_reward = 0
connections = 0,	0,	0,	1024,	0,	0,	1024,	0;
			0,	0,	0,	1024,	0,	1024,	256,	1024;
			0,	0,	0,	128,	0,	0,	1024,	0;
			1024,	1024,	128,	0,	0,	1024,	0,	128;
			0,	0,	0,	0,	0,	0,	0,	1024;
			0,	1024,	0,	1024,	0,	0,	1024,	0;
			1024,	256,	1024,	0,	0,	1024,	0,	0;
			0,	1024,	0,	128,	1024,	0,	0,	0
u =  0, 0, 1, 1, 1, 1, 2, 2, 3, 3, 3, 3, 3, 4, 5, 5, 5, 6, 6, 6, 6, 7, 7, 7
v =  3, 6, 3, 5, 6, 7, 3, 6, 0, 1, 2, 5, 7, 7, 1, 3, 6, 0, 1, 2, 5, 1, 3, 4
e =  1024, 1024, 1024, 1024, 256, 1024, 128, 1024, 1024, 1024, 128, 1024, 128, 1024, 1024, 1024, 1024, 1024, 256, 1024, 1024, 1024, 128, 1024
x = 0,0,0,0,0,0,0,0
y = 0,0,0,0,0,0,0,0
