[general]
path = outputs/system/

[chiplets]
chiplet_count = 10
widths = 	9,	20,	30,	26,	19,	29,	10,	15,	13,	11
heights = 	8,	16,	25,	23,	17,	27,	10,	16,	14,	9
powers = 	18,	121,	155,	56,	66,	139,	133,	95,	72,	110
target_reward = 0
connections = 0,	0,	0,	1024,	0,	0,	128,	128,	0,	128;
			0,	0,	256,	0,	0,	0,	0,	1024,	0,	0;
			0,	256,	0,	0,	256,	512,	0,	512,	0,	0;
			1024,	0,	0,	0,	256,	512,	0,	0,	0,	0;
			0,	0,	256,	256,	0,	512,	1024,	0,	0,	0;
			0,	0,	512,	512,	512,	0,	256,	128,	0,	0;
			128,	0,	0,	0,	1024,	256,	0,	0,	512,	128;
			128,	1024,	512,	0,	0,	128,	0,	0,	1024,	512;
			0,	0,	0,	0,	0,	0,	512,	1024,	0,	0;
			128,	0,	0,	0,	0,	0,	128,	512,	0,	0
u =  0, 0, 0, 0, 1, 1, 2, 2, 2, 2, 3, 3, 3, 4, 4, 4, 4, 5, 5, 5, 5, 5, 6, 6, 6, 6, 6, 7, 7, 7, 7, 7, 7, 8, 8, 9, 9, 9
v =  3, 6, 7, 9, 2, 7, 1, 4, 5, 7, 0, 4, 5, 2, 3, 5, 6, 2, 3, 4, 6, 7, 0, 4, 5, 8, 9, 0, 1, 2, 5, 8, 9, 6, 7, 0, 6, 7
e =  1024, 128, 128, 128, 256, 1024, 256, 256, 512, 512, 1024, 256, 512, 256, 256, 512, 1024, 512, 512, 512, 256, 128, 128, 1024, 256, 512, 128, 128, 1024, 512, 128, 1024, 512, 512, 1024, 128, 128, 512
x = 0,0,0,0,0,0,0,0,0,0
y = 0,0,0,0,0,0,0,0,0,0
