[general]
path = outputs/system/

[chiplets]
chiplet_count = 8
widths = 	16,	11,	29,	28,	20,	20,	11,	21
heights = 	16,	13,	30,	24,	21,	23,	10,	20
powers = 	186,	3,	147,	113,	149,	6,	97,	159
target_reward = 0
connections = 0,	512,	0,	0,	0,	0,	512,	0;
			512,	0,	0,	512,	0,	512,	0,	0;
			0,	0,	0,	256,	0,	0,	256,	256;
			0,	512,	256,	0,	256,	512,	0,	1024;
			0,	0,	0,	256,	0,	1024,	128,	0;
			0,	512,	0,	512,	1024,	0,	128,	128;
			512,	0,	256,	0,	128,	128,	0,	0;
			0,	0,	256,	1024,	0,	128,	0,	0
u =  0, 0, 1, 1, 1, 2, 2, 2, 3, 3, 3, 3, 3, 4, 4, 4, 5, 5, 5, 5, 5, 6, 6, 6, 6, 7, 7, 7
v =  1, 6, 0, 3, 5, 3, 6, 7, 1, 2, 4, 5, 7, 3, 5, 6, 1, 3, 4, 6, 7, 0, 2, 4, 5, 2, 3, 5
e =  512, 512, 512, 512, 512, 256, 256, 256, 512, 256, 256, 512, 1024, 256, 1024, 128, 512, 512, 1024, 128, 128, 512, 256, 128, 128, 256, 1024, 128
x = 0,0,0,0,0,0,0,0
y = 0,0,0,0,0,0,0,0
