[general]
path = outputs/system/

[chiplets]
chiplet_count = 7
widths = 	20,	21,	26,	24,	19,	25,	19
heights = 	17,	22,	25,	30,	20,	21,	18
powers = 	14,	88,	89,	128,	104,	48,	140
target_reward = 0
connections = 0,	0,	0,	0,	0,	1024,	256;
			0,	0,	256,	0,	1024,	0,	512;
			0,	256,	0,	128,	256,	0,	0;
			0,	0,	128,	0,	128,	256,	256;
			0,	1024,	256,	128,	0,	128,	128;
			1024,	0,	0,	256,	128,	0,	0;
			256,	512,	0,	256,	128,	0,	0
u =  0, 0, 1, 1, 1, 2, 2, 2, 3, 3, 3, 3, 4, 4, 4, 4, 4, 5, 5, 5, 6, 6, 6, 6
v =  5, 6, 2, 4, 6, 1, 3, 4, 2, 4, 5, 6, 1, 2, 3, 5, 6, 0, 3, 4, 0, 1, 3, 4
e =  1024, 256, 256, 1024, 512, 256, 128, 256, 128, 128, 256, 256, 1024, 256, 128, 128, 128, 1024, 256, 128, 256, 512, 256, 128
x = 0,0,0,0,0,0,0
y = 0,0,0,0,0,0,0
