[general]
path = outputs/system/

[chiplets]
chiplet_count = 10
widths = 	18,	11,	12,	20,	13,	10,	10,	21,	11,	18
heights = 	18,	13,	12,	18,	12,	10,	12,	21,	9,	17
powers = 	6,	30,	69,	147,	137,	100,	3,	52,	154,	95
target_reward = 0
connections = 0,	512,	1024,	0,	512,	0,	128,	128,	0,	0;
			512,	0,	1024,	512,	0,	256,	0,	1024,	1024,	0;
			1024,	1024,	0,	128,	128,	0,	0,	0,	512,	512;
			0,	512,	128,	0,	256,	0,	128,	0,	128,	0;
			512,	0,	128,	256,	0,	0,	0,	0,	0,	128;
			0,	256,	0,	0,	0,	0,	0,	0,	0,	0;
			128,	0,	0,	128,	0,	0,	0,	0,	0,	128;
			128,	1024,	0,	0,	0,	0,	0,	0,	0,	0;
			0,	1024,	512,	128,	0,	0,	0,	0,	0,	0;
			0,	0,	512,	0,	128,	0,	128,	0,	0,	0
u =  0, 0, 0, 0, 0, 1, 1, 1, 1, 1, 1, 2, 2, 2, 2, 2, 2, 3, 3, 3, 3, 3, 4, 4, 4, 4, 5, 6, 6, 6, 7, 7, 8, 8, 8, 9, 9, 9
v =  1, 2, 4, 6, 7, 0, 2, 3, 5, 7, 8, 0, 1, 3, 4, 8, 9, 1, 2, 4, 6, 8, 0, 2, 3, 9, 1, 0, 3, 9, 0, 1, 1, 2, 3, 2, 4, 6
e =  512, 1024, 512, 128, 128, 512, 1024, 512, 256, 1024, 1024, 1024, 1024, 128, 128, 512, 512, 512, 128, 256, 128, 128, 512, 128, 256, 128, 256, 128, 128, 128, 128, 1024, 1024, 512, 128, 512, 128, 128
x = 0,0,0,0,0,0,0,0,0,0
y = 0,0,0,0,0,0,0,0,0,0
