[general]
path = outputs/system/

[chiplets]
chiplet_count = 10
widths = 	6,	22,	20,	17,	8,	17,	5,	4,	8,	23
heights = 	7,	18,	19,	15,	10,	21,	5,	5,	9,	27
powers = 	137,	87,	116,	8,	74,	178,	27,	85,	47,	161
target_reward = 0
connections = 0,	0,	0,	0,	0,	512,	128,	1024,	512,	0;
			0,	0,	0,	0,	0,	128,	128,	0,	128,	512;
			0,	0,	0,	256,	0,	128,	1024,	128,	0,	0;
			0,	0,	256,	0,	256,	0,	128,	0,	0,	0;
			0,	0,	0,	256,	0,	0,	0,	0,	1024,	0;
			512,	128,	128,	0,	0,	0,	0,	0,	256,	1024;
			128,	128,	1024,	128,	0,	0,	0,	0,	512,	0;
			1024,	0,	128,	0,	0,	0,	0,	0,	0,	512;
			512,	128,	0,	0,	1024,	256,	512,	0,	0,	0;
			0,	512,	0,	0,	0,	1024,	0,	512,	0,	0
u =  0, 0, 0, 0, 1, 1, 1, 1, 2, 2, 2, 2, 3, 3, 3, 4, 4, 5, 5, 5, 5, 5, 6, 6, 6, 6, 6, 7, 7, 7, 8, 8, 8, 8, 8, 9, 9, 9
v =  5, 6, 7, 8, 5, 6, 8, 9, 3, 5, 6, 7, 2, 4, 6, 3, 8, 0, 1, 2, 8, 9, 0, 1, 2, 3, 8, 0, 2, 9, 0, 1, 4, 5, 6, 1, 5, 7
e =  512, 128, 1024, 512, 128, 128, 128, 512, 256, 128, 1024, 128, 256, 256, 128, 256, 1024, 512, 128, 128, 256, 1024, 128, 128, 1024, 128, 512, 1024, 128, 512, 512, 128, 1024, 256, 512, 512, 1024, 512
x = 0,0,0,0,0,0,0,0,0,0
y = 0,0,0,0,0,0,0,0,0,0
