[general]
path = outputs/system/

[chiplets]
chiplet_count = 9
widths = 	12,	11,	10,	6,	21,	12,	25,	22,	11
heights = 	14,	12,	11,	7,	18,	10,	24,	26,	11
powers = 	122,	97,	170,	69,	36,	51,	66,	39,	90
target_reward = 0
connections = 0,	256,	0,	256,	0,	0,	256,	0,	0;
			256,	0,	0,	0,	0,	0,	256,	0,	0;
			0,	0,	0,	0,	128,	0,	0,	512,	1024;
			256,	0,	0,	0,	0,	0,	512,	128,	0;
			0,	0,	128,	0,	0,	0,	1024,	0,	0;
			0,	0,	0,	0,	0,	0,	1024,	512,	0;
			256,	256,	0,	512,	1024,	1024,	0,	128,	128;
			0,	0,	512,	128,	0,	512,	128,	0,	0;
			0,	0,	1024,	0,	0,	0,	128,	0,	0
u =  0, 0, 0, 1, 1, 2, 2, 2, 3, 3, 3, 4, 4, 5, 5, 6, 6, 6, 6, 6, 6, 6, 7, 7, 7, 7, 8, 8
v =  1, 3, 6, 0, 6, 4, 7, 8, 0, 6, 7, 2, 6, 6, 7, 0, 1, 3, 4, 5, 7, 8, 2, 3, 5, 6, 2, 6
e =  256, 256, 256, 256, 256, 128, 512, 1024, 256, 512, 128, 128, 1024, 1024, 512, 256, 256, 512, 1024, 1024, 128, 128, 512, 128, 512, 128, 1024, 128
x = 0,0,0,0,0,0,0,0,0
y = 0,0,0,0,0,0,0,0,0
