[general]
path = outputs/system/

[chiplets]
chiplet_count = 10
widths = 	13,	5,	10,	15,	20,	30,	18,	27,	24,	21
heights = 	14,	4,	10,	17,	21,	24,	18,	22,	21,	23
powers = 	65,	137,	144,	124,	181,	1,	148,	145,	186,	154
target_reward = 0
connections = 0,	0,	512,	0,	0,	1024,	0,	0,	0,	256;
			0,	0,	0,	128,	512,	512,	0,	0,	512,	0;
			512,	0,	0,	128,	128,	0,	512,	128,	0,	1024;
			0,	128,	128,	0,	512,	128,	512,	256,	0,	0;
			0,	512,	128,	512,	0,	1024,	0,	0,	128,	0;
			1024,	512,	0,	128,	1024,	0,	0,	0,	0,	0;
			0,	0,	512,	512,	0,	0,	0,	0,	128,	256;
			0,	0,	128,	256,	0,	0,	0,	0,	0,	0;
			0,	512,	0,	0,	128,	0,	128,	0,	0,	0;
			256,	0,	1024,	0,	0,	0,	256,	0,	0,	0
u =  0, 0, 0, 1, 1, 1, 1, 2, 2, 2, 2, 2, 2, 3, 3, 3, 3, 3, 3, 4, 4, 4, 4, 4, 5, 5, 5, 5, 6, 6, 6, 6, 7, 7, 8, 8, 8, 9, 9, 9
v =  2, 5, 9, 3, 4, 5, 8, 0, 3, 4, 6, 7, 9, 1, 2, 4, 5, 6, 7, 1, 2, 3, 5, 8, 0, 1, 3, 4, 2, 3, 8, 9, 2, 3, 1, 4, 6, 0, 2, 6
e =  512, 1024, 256, 128, 512, 512, 512, 512, 128, 128, 512, 128, 1024, 128, 128, 512, 128, 512, 256, 512, 128, 512, 1024, 128, 1024, 512, 128, 1024, 512, 512, 128, 256, 128, 256, 512, 128, 128, 256, 1024, 256
x = 0,0,0,0,0,0,0,0,0,0
y = 0,0,0,0,0,0,0,0,0,0
