[general]
path = outputs/system/

[chiplets]
chiplet_count = 9
widths = 	23,	28,	9,	14,	17,	20,	30,	22,	23
heights = 	25,	23,	9,	16,	16,	20,	28,	18,	27
powers = 	165,	180,	161,	124,	107,	107,	6,	100,	74
target_reward = 0
connections = 0,	128,	256,	0,	0,	128,	0,	0,	256;
			128,	0,	0,	128,	0,	0,	0,	0,	128;
			256,	0,	0,	0,	128,	0,	0,	0,	1024;
			0,	128,	0,	0,	512,	1024,	1024,	0,	0;
			0,	0,	128,	512,	0,	1024,	128,	0,	512;
			128,	0,	0,	1024,	1024,	0,	1024,	1024,	0;
			0,	0,	0,	1024,	128,	1024,	0,	128,	0;
			0,	0,	0,	0,	0,	1024,	128,	0,	256;
			256,	128,	1024,	0,	512,	0,	0,	256,	0
u =  0, 0, 0, 0, 1, 1, 1, 2, 2, 2, 3, 3, 3, 3, 4, 4, 4, 4, 4, 5, 5, 5, 5, 5, 6, 6, 6, 6, 7, 7, 7, 8, 8, 8, 8, 8
v =  1, 2, 5, 8, 0, 3, 8, 0, 4, 8, 1, 4, 5, 6, 2, 3, 5, 6, 8, 0, 3, 4, 6, 7, 3, 4, 5, 7, 5, 6, 8, 0, 1, 2, 4, 7
e =  128, 256, 128, 256, 128, 128, 128, 256, 128, 1024, 128, 512, 1024, 1024, 128, 512, 1024, 128, 512, 128, 1024, 1024, 1024, 1024, 1024, 128, 1024, 128, 1024, 128, 256, 256, 128, 1024, 512, 256
x = 0,0,0,0,0,0,0,0,0
y = 0,0,0,0,0,0,0,0,0
