[general]
path = outputs/system/

[chiplets]
chiplet_count = 9
widths = 	16,	28,	30,	20,	15,	23,	28,	28,	9
heights = 	17,	27,	28,	19,	17,	21,	27,	28,	10
powers = 	150,	163,	177,	103,	66,	159,	134,	18,	25
target_reward = 0
connections = 0,	512,	0,	0,	0,	0,	128,	256,	1024;
			512,	0,	0,	0,	0,	0,	128,	512,	0;
			0,	0,	0,	0,	512,	128,	0,	0,	0;
			0,	0,	0,	0,	0,	0,	512,	256,	0;
			0,	0,	512,	0,	0,	128,	128,	1024,	1024;
			0,	0,	128,	0,	128,	0,	1024,	1024,	0;
			128,	128,	0,	512,	128,	1024,	0,	512,	0;
			256,	512,	0,	256,	1024,	1024,	512,	0,	0;
			1024,	0,	0,	0,	1024,	0,	0,	0,	0
u =  0, 0, 0, 0, 1, 1, 1, 2, 2, 3, 3, 4, 4, 4, 4, 4, 5, 5, 5, 5, 6, 6, 6, 6, 6, 6, 7, 7, 7, 7, 7, 7, 8, 8
v =  1, 6, 7, 8, 0, 6, 7, 4, 5, 6, 7, 2, 5, 6, 7, 8, 2, 4, 6, 7, 0, 1, 3, 4, 5, 7, 0, 1, 3, 4, 5, 6, 0, 4
e =  512, 128, 256, 1024, 512, 128, 512, 512, 128, 512, 256, 512, 128, 128, 1024, 1024, 128, 128, 1024, 1024, 128, 128, 512, 128, 1024, 512, 256, 512, 256, 1024, 1024, 512, 1024, 1024
x = 0,0,0,0,0,0,0,0,0
y = 0,0,0,0,0,0,0,0,0
