[general]
path = outputs/system/

[chiplets]
chiplet_count = 6
widths = 	8,	19,	9,	21,	28,	28
heights = 	10,	19,	11,	20,	26,	23
powers = 	96,	129,	132,	151,	130,	79
target_reward = 0
connections = 0,	0,	0,	0,	512,	0;
			0,	0,	256,	1024,	256,	256;
			0,	256,	0,	128,	256,	0;
			0,	1024,	128,	0,	0,	0;
			512,	256,	256,	0,	0,	256;
			0,	256,	0,	0,	256,	0
u =  0, 1, 1, 1, 1, 2, 2, 2, 3, 3, 4, 4, 4, 4, 5, 5
v =  4, 2, 3, 4, 5, 1, 3, 4, 1, 2, 0, 1, 2, 5, 1, 4
e =  512, 256, 1024, 256, 256, 256, 128, 256, 1024, 128, 512, 256, 256, 256, 256, 256
x = 0,0,0,0,0,0
y = 0,0,0,0,0,0
