[general]
path = outputs/system/

[chiplets]
chiplet_count = 10
widths = 	15,	27,	24,	21,	10,	27,	25,	22,	4,	29
heights = 	17,	29,	30,	19,	12,	22,	29,	24,	5,	24
powers = 	152,	11,	33,	89,	107,	38,	26,	76,	14,	96
target_reward = 0
connections = 0,	256,	1024,	0,	0,	0,	0,	0,	0,	512;
			256,	0,	256,	0,	0,	128,	0,	0,	256,	512;
			1024,	256,	0,	0,	256,	512,	128,	512,	0,	0;
			0,	0,	0,	0,	1024,	256,	0,	0,	0,	128;
			0,	0,	256,	1024,	0,	128,	0,	0,	256,	0;
			0,	128,	512,	256,	128,	0,	0,	0,	0,	0;
			0,	0,	128,	0,	0,	0,	0,	0,	0,	256;
			0,	0,	512,	0,	0,	0,	0,	0,	0,	0;
			0,	256,	0,	0,	256,	0,	0,	0,	0,	0;
			512,	512,	0,	128,	0,	0,	256,	0,	0,	0
u =  0, 0, 0, 1, 1, 1, 1, 1, 2, 2, 2, 2, 2, 2, 3, 3, 3, 4, 4, 4, 4, 5, 5, 5, 5, 6, 6, 7, 8, 8, 9, 9, 9, 9
v =  1, 2, 9, 0, 2, 5, 8, 9, 0, 1, 4, 5, 6, 7, 4, 5, 9, 2, 3, 5, 8, 1, 2, 3, 4, 2, 9, 2, 1, 4, 0, 1, 3, 6
e =  256, 1024, 512, 256, 256, 128, 256, 512, 1024, 256, 256, 512, 128, 512, 1024, 256, 128, 256, 1024, 128, 256, 128, 512, 256, 128, 128, 256, 512, 256, 256, 512, 512, 128, 256
x = 0,0,0,0,0,0,0,0,0,0
y = 0,0,0,0,0,0,0,0,0,0
