[general]
path = outputs/system/

[chiplets]
chiplet_count = 9
widths = 	9,	25,	6,	20,	23,	26,	28,	22,	17
heights = 	8,	27,	5,	21,	28,	22,	28,	27,	17
powers = 	88,	149,	140,	107,	94,	92,	133,	26,	107
target_reward = 0
connections = 0,	0,	0,	0,	256,	512,	0,	0,	1024;
			0,	0,	1024,	1024,	0,	0,	0,	0,	0;
			0,	1024,	0,	256,	512,	0,	0,	1024,	256;
			0,	1024,	256,	0,	128,	0,	1024,	0,	256;
			256,	0,	512,	128,	0,	0,	0,	0,	0;
			512,	0,	0,	0,	0,	0,	512,	0,	1024;
			0,	0,	0,	1024,	0,	512,	0,	128,	0;
			0,	0,	1024,	0,	0,	0,	128,	0,	0;
			1024,	0,	256,	256,	0,	1024,	0,	0,	0
u =  0, 0, 0, 1, 1, 2, 2, 2, 2, 2, 3, 3, 3, 3, 3, 4, 4, 4, 5, 5, 5, 6, 6, 6, 7, 7, 8, 8, 8, 8
v =  4, 5, 8, 2, 3, 1, 3, 4, 7, 8, 1, 2, 4, 6, 8, 0, 2, 3, 0, 6, 8, 3, 5, 7, 2, 6, 0, 2, 3, 5
e =  256, 512, 1024, 1024, 1024, 1024, 256, 512, 1024, 256, 1024, 256, 128, 1024, 256, 256, 512, 128, 512, 512, 1024, 1024, 512, 128, 1024, 128, 1024, 256, 256, 1024
x = 0,0,0,0,0,0,0,0,0
y = 0,0,0,0,0,0,0,0,0
