[general]
path = outputs/system/

[chiplets]
chiplet_count = 9
widths = 	4,	24,	25,	13,	21,	9,	17,	14,	26
heights = 	4,	25,	28,	13,	21,	8,	20,	16,	25
powers = 	184,	32,	179,	195,	199,	187,	133,	96,	148
target_reward = 0
connections = 0,	256,	512,	1024,	0,	0,	0,	256,	0;
			256,	0,	256,	512,	512,	0,	0,	512,	0;
			512,	256,	0,	1024,	512,	0,	1024,	128,	512;
			1024,	512,	1024,	0,	128,	0,	0,	512,	0;
			0,	512,	512,	128,	0,	0,	1024,	0,	1024;
			0,	0,	0,	0,	0,	0,	0,	512,	256;
			0,	0,	1024,	0,	1024,	0,	0,	0,	0;
			256,	512,	128,	512,	0,	512,	0,	0,	0;
			0,	0,	512,	0,	1024,	256,	0,	0,	0
u =  0, 0, 0, 0, 1, 1, 1, 1, 1, 2, 2, 2, 2, 2, 2, 2, 3, 3, 3, 3, 3, 4, 4, 4, 4, 4, 5, 5, 6, 6, 7, 7, 7, 7, 7, 8, 8, 8
v =  1, 2, 3, 7, 0, 2, 3, 4, 7, 0, 1, 3, 4, 6, 7, 8, 0, 1, 2, 4, 7, 1, 2, 3, 6, 8, 7, 8, 2, 4, 0, 1, 2, 3, 5, 2, 4, 5
e =  256, 512, 1024, 256, 256, 256, 512, 512, 512, 512, 256, 1024, 512, 1024, 128, 512, 1024, 512, 1024, 128, 512, 512, 512, 128, 1024, 1024, 512, 256, 1024, 1024, 256, 512, 128, 512, 512, 512, 1024, 256
x = 0,0,0,0,0,0,0,0,0
y = 0,0,0,0,0,0,0,0,0
