[general]
path = outputs/system/

[chiplets]
chiplet_count = 9
widths = 	18,	23,	17,	22,	19,	30,	25,	8,	23
heights = 	19,	21,	16,	23,	19,	27,	28,	9,	27
powers = 	48,	194,	174,	56,	148,	161,	122,	93,	132
target_reward = 0
connections = 0,	512,	0,	1024,	512,	0,	0,	0,	128;
			512,	0,	0,	1024,	0,	0,	0,	128,	0;
			0,	0,	0,	0,	0,	0,	256,	1024,	128;
			1024,	1024,	0,	0,	0,	128,	1024,	0,	1024;
			512,	0,	0,	0,	0,	256,	0,	0,	0;
			0,	0,	0,	128,	256,	0,	0,	0,	0;
			0,	0,	256,	1024,	0,	0,	0,	0,	512;
			0,	128,	1024,	0,	0,	0,	0,	0,	0;
			128,	0,	128,	1024,	0,	0,	512,	0,	0
u =  0, 0, 0, 0, 1, 1, 1, 2, 2, 2, 3, 3, 3, 3, 3, 4, 4, 5, 5, 6, 6, 6, 7, 7, 8, 8, 8, 8
v =  1, 3, 4, 8, 0, 3, 7, 6, 7, 8, 0, 1, 5, 6, 8, 0, 5, 3, 4, 2, 3, 8, 1, 2, 0, 2, 3, 6
e =  512, 1024, 512, 128, 512, 1024, 128, 256, 1024, 128, 1024, 1024, 128, 1024, 1024, 512, 256, 128, 256, 256, 1024, 512, 128, 1024, 128, 128, 1024, 512
x = 0,0,0,0,0,0,0,0,0
y = 0,0,0,0,0,0,0,0,0
