[general]
path = outputs/system/

[chiplets]
chiplet_count = 8
widths = 	26,	6,	18,	26,	23,	22,	17,	23
heights = 	23,	5,	15,	29,	25,	20,	19,	24
powers = 	168,	136,	122,	29,	144,	148,	190,	163
target_reward = 0
connections = 0,	512,	1024,	256,	0,	0,	0,	0;
			512,	0,	1024,	512,	1024,	128,	0,	128;
			1024,	1024,	0,	0,	0,	0,	0,	1024;
			256,	512,	0,	0,	0,	1024,	0,	0;
			0,	1024,	0,	0,	0,	0,	512,	128;
			0,	128,	0,	1024,	0,	0,	1024,	128;
			0,	0,	0,	0,	512,	1024,	0,	256;
			0,	128,	1024,	0,	128,	128,	256,	0
u =  0, 0, 0, 1, 1, 1, 1, 1, 1, 2, 2, 2, 3, 3, 3, 4, 4, 4, 5, 5, 5, 5, 6, 6, 6, 7, 7, 7, 7, 7
v =  1, 2, 3, 0, 2, 3, 4, 5, 7, 0, 1, 7, 0, 1, 5, 1, 6, 7, 1, 3, 6, 7, 4, 5, 7, 1, 2, 4, 5, 6
e =  512, 1024, 256, 512, 1024, 512, 1024, 128, 128, 1024, 1024, 1024, 256, 512, 1024, 1024, 512, 128, 128, 1024, 1024, 128, 512, 1024, 256, 128, 1024, 128, 128, 256
x = 0,0,0,0,0,0,0,0
y = 0,0,0,0,0,0,0,0
