[general]
path = outputs/system/

[chiplets]
chiplet_count = 11
widths = 	22,	15,	24,	10,	12,	14,	18,	30,	20,	30,	13
heights = 	22,	12,	20,	9,	12,	13,	15,	30,	16,	26,	14
powers = 	15,	46,	138,	115,	128,	113,	160,	9,	184,	40,	69
target_reward = 0
connections = 0,	512,	512,	0,	0,	1024,	256,	0,	0,	128,	256;
			512,	0,	256,	0,	512,	0,	0,	0,	0,	0,	256;
			512,	256,	0,	0,	0,	0,	0,	0,	0,	0,	1024;
			0,	0,	0,	0,	512,	0,	0,	0,	0,	0,	512;
			0,	512,	0,	512,	0,	0,	1024,	0,	0,	0,	256;
			1024,	0,	0,	0,	0,	0,	1024,	128,	0,	0,	0;
			256,	0,	0,	0,	1024,	1024,	0,	0,	0,	0,	128;
			0,	0,	0,	0,	0,	128,	0,	0,	1024,	1024,	0;
			0,	0,	0,	0,	0,	0,	0,	1024,	0,	128,	0;
			128,	0,	0,	0,	0,	0,	0,	1024,	128,	0,	0;
			256,	256,	1024,	512,	256,	0,	128,	0,	0,	0,	0
u =  0, 0, 0, 0, 0, 0, 1, 1, 1, 1, 2, 2, 2, 3, 3, 4, 4, 4, 4, 5, 5, 5, 6, 6, 6, 6, 7, 7, 7, 8, 8, 9, 9, 9, 10, 10, 10, 10, 10, 10
v =  1, 2, 5, 6, 9, 10, 0, 2, 4, 10, 0, 1, 10, 4, 10, 1, 3, 6, 10, 0, 6, 7, 0, 4, 5, 10, 5, 8, 9, 7, 9, 0, 7, 8, 0, 1, 2, 3, 4, 6
e =  512, 512, 1024, 256, 128, 256, 512, 256, 512, 256, 512, 256, 1024, 512, 512, 512, 512, 1024, 256, 1024, 1024, 128, 256, 1024, 1024, 128, 128, 1024, 1024, 1024, 128, 128, 1024, 128, 256, 256, 1024, 512, 256, 128
x = 0,0,0,0,0,0,0,0,0,0,0
y = 0,0,0,0,0,0,0,0,0,0,0
