[general]
path = outputs/system/

[chiplets]
chiplet_count = 10
widths = 	15,	27,	9,	21,	28,	15,	26,	20,	29,	23
heights = 	12,	25,	10,	22,	24,	13,	30,	22,	28,	20
powers = 	168,	62,	11,	85,	60,	141,	154,	88,	169,	3
target_reward = 0
connections = 0,	0,	0,	512,	0,	256,	0,	128,	0,	0;
			0,	0,	256,	1024,	1024,	0,	0,	0,	0,	0;
			0,	256,	0,	128,	0,	256,	0,	512,	128,	0;
			512,	1024,	128,	0,	128,	128,	0,	256,	0,	0;
			0,	1024,	0,	128,	0,	0,	0,	0,	0,	0;
			256,	0,	256,	128,	0,	0,	128,	0,	0,	512;
			0,	0,	0,	0,	0,	128,	0,	0,	512,	512;
			128,	0,	512,	256,	0,	0,	0,	0,	128,	512;
			0,	0,	128,	0,	0,	0,	512,	128,	0,	128;
			0,	0,	0,	0,	0,	512,	512,	512,	128,	0
u =  0, 0, 0, 1, 1, 1, 2, 2, 2, 2, 2, 3, 3, 3, 3, 3, 3, 4, 4, 5, 5, 5, 5, 5, 6, 6, 6, 7, 7, 7, 7, 7, 8, 8, 8, 8, 9, 9, 9, 9
v =  3, 5, 7, 2, 3, 4, 1, 3, 5, 7, 8, 0, 1, 2, 4, 5, 7, 1, 3, 0, 2, 3, 6, 9, 5, 8, 9, 0, 2, 3, 8, 9, 2, 6, 7, 9, 5, 6, 7, 8
e =  512, 256, 128, 256, 1024, 1024, 256, 128, 256, 512, 128, 512, 1024, 128, 128, 128, 256, 1024, 128, 256, 256, 128, 128, 512, 128, 512, 512, 128, 512, 256, 128, 512, 128, 512, 128, 128, 512, 512, 512, 128
x = 0,0,0,0,0,0,0,0,0,0
y = 0,0,0,0,0,0,0,0,0,0
