[general]
path = outputs/system/

[chiplets]
chiplet_count = 10
widths = 	24,	8,	14,	6,	25,	17,	22,	23,	6,	29
heights = 	22,	8,	14,	6,	22,	21,	25,	19,	5,	25
powers = 	14,	7,	120,	60,	5,	68,	23,	56,	137,	43
target_reward = 0
connections = 0,	0,	0,	128,	256,	0,	0,	0,	0,	0;
			0,	0,	1024,	512,	128,	0,	0,	0,	0,	256;
			0,	1024,	0,	1024,	256,	0,	128,	0,	0,	0;
			128,	512,	1024,	0,	0,	128,	0,	0,	0,	0;
			256,	128,	256,	0,	0,	0,	0,	0,	0,	512;
			0,	0,	0,	128,	0,	0,	0,	256,	0,	128;
			0,	0,	128,	0,	0,	0,	0,	1024,	512,	128;
			0,	0,	0,	0,	0,	256,	1024,	0,	128,	0;
			0,	0,	0,	0,	0,	0,	512,	128,	0,	0;
			0,	256,	0,	0,	512,	128,	128,	0,	0,	0
u =  0, 0, 1, 1, 1, 1, 2, 2, 2, 2, 3, 3, 3, 3, 4, 4, 4, 4, 5, 5, 5, 6, 6, 6, 6, 7, 7, 7, 8, 8, 9, 9, 9, 9
v =  3, 4, 2, 3, 4, 9, 1, 3, 4, 6, 0, 1, 2, 5, 0, 1, 2, 9, 3, 7, 9, 2, 7, 8, 9, 5, 6, 8, 6, 7, 1, 4, 5, 6
e =  128, 256, 1024, 512, 128, 256, 1024, 1024, 256, 128, 128, 512, 1024, 128, 256, 128, 256, 512, 128, 256, 128, 128, 1024, 512, 128, 256, 1024, 128, 512, 128, 256, 512, 128, 128
x = 0,0,0,0,0,0,0,0,0,0
y = 0,0,0,0,0,0,0,0,0,0
