[general]
path = outputs/system/

[chiplets]
chiplet_count = 9
widths = 	12,	22,	23,	24,	17,	16,	21,	23,	22
heights = 	15,	26,	27,	22,	16,	16,	19,	27,	18
powers = 	111,	36,	92,	122,	178,	149,	126,	156,	157
target_reward = 0
connections = 0,	256,	0,	0,	0,	0,	0,	512,	0;
			256,	0,	512,	0,	512,	0,	512,	0,	0;
			0,	512,	0,	128,	1024,	0,	0,	0,	0;
			0,	0,	128,	0,	0,	128,	0,	128,	0;
			0,	512,	1024,	0,	0,	1024,	1024,	256,	0;
			0,	0,	0,	128,	1024,	0,	256,	512,	256;
			0,	512,	0,	0,	1024,	256,	0,	256,	512;
			512,	0,	0,	128,	256,	512,	256,	0,	0;
			0,	0,	0,	0,	0,	256,	512,	0,	0
u =  0, 0, 1, 1, 1, 1, 2, 2, 2, 3, 3, 3, 4, 4, 4, 4, 4, 5, 5, 5, 5, 5, 6, 6, 6, 6, 6, 7, 7, 7, 7, 7, 8, 8
v =  1, 7, 0, 2, 4, 6, 1, 3, 4, 2, 5, 7, 1, 2, 5, 6, 7, 3, 4, 6, 7, 8, 1, 4, 5, 7, 8, 0, 3, 4, 5, 6, 5, 6
e =  256, 512, 256, 512, 512, 512, 512, 128, 1024, 128, 128, 128, 512, 1024, 1024, 1024, 256, 128, 1024, 256, 512, 256, 512, 1024, 256, 256, 512, 512, 128, 256, 512, 256, 256, 512
x = 0,0,0,0,0,0,0,0,0
y = 0,0,0,0,0,0,0,0,0
