[general]
path = outputs/system/

[chiplets]
chiplet_count = 7
widths = 	15,	28,	7,	20,	30,	11,	29
heights = 	18,	28,	7,	17,	30,	12,	30
powers = 	129,	41,	73,	199,	95,	38,	57
target_reward = 0
connections = 0,	256,	0,	512,	0,	512,	256;
			256,	0,	512,	128,	0,	256,	0;
			0,	512,	0,	512,	1024,	0,	0;
			512,	128,	512,	0,	512,	0,	256;
			0,	0,	1024,	512,	0,	128,	0;
			512,	256,	0,	0,	128,	0,	0;
			256,	0,	0,	256,	0,	0,	0
u =  0, 0, 0, 0, 1, 1, 1, 1, 2, 2, 2, 3, 3, 3, 3, 3, 4, 4, 4, 5, 5, 5, 6, 6
v =  1, 3, 5, 6, 0, 2, 3, 5, 1, 3, 4, 0, 1, 2, 4, 6, 2, 3, 5, 0, 1, 4, 0, 3
e =  256, 512, 512, 256, 256, 512, 128, 256, 512, 512, 1024, 512, 128, 512, 512, 256, 1024, 512, 128, 512, 256, 128, 256, 256
x = 0,0,0,0,0,0,0
y = 0,0,0,0,0,0,0
