[general]
path = outputs/system/

[chiplets]
chiplet_count = 11
widths = 	29,	30,	16,	16,	22,	15,	9,	20,	8,	23,	19
heights = 	28,	25,	17,	20,	19,	15,	8,	17,	10,	20,	17
powers = 	163,	12,	176,	7,	89,	24,	47,	110,	71,	5,	74
target_reward = 0
connections = 0,	0,	256,	0,	0,	256,	0,	0,	0,	0,	0;
			0,	0,	128,	0,	0,	0,	256,	0,	1024,	0,	512;
			256,	128,	0,	0,	256,	0,	128,	0,	0,	0,	0;
			0,	0,	0,	0,	1024,	0,	0,	0,	0,	512,	128;
			0,	0,	256,	1024,	0,	0,	0,	0,	1024,	128,	0;
			256,	0,	0,	0,	0,	0,	0,	1024,	0,	0,	0;
			0,	256,	128,	0,	0,	0,	0,	0,	0,	128,	0;
			0,	0,	0,	0,	0,	1024,	0,	0,	0,	0,	128;
			0,	1024,	0,	0,	1024,	0,	0,	0,	0,	256,	256;
			0,	0,	0,	512,	128,	0,	128,	0,	256,	0,	0;
			0,	512,	0,	128,	0,	0,	0,	128,	256,	0,	0
u =  0, 0, 1, 1, 1, 1, 2, 2, 2, 2, 3, 3, 3, 4, 4, 4, 4, 5, 5, 6, 6, 6, 7, 7, 8, 8, 8, 8, 9, 9, 9, 9, 10, 10, 10, 10
v =  2, 5, 2, 6, 8, 10, 0, 1, 4, 6, 4, 9, 10, 2, 3, 8, 9, 0, 7, 1, 2, 9, 5, 10, 1, 4, 9, 10, 3, 4, 6, 8, 1, 3, 7, 8
e =  256, 256, 128, 256, 1024, 512, 256, 128, 256, 128, 1024, 512, 128, 256, 1024, 1024, 128, 256, 1024, 256, 128, 128, 1024, 128, 1024, 1024, 256, 256, 512, 128, 128, 256, 512, 128, 128, 256
x = 0,0,0,0,0,0,0,0,0,0,0
y = 0,0,0,0,0,0,0,0,0,0,0
