[general]
path = outputs/system/

[chiplets]
chiplet_count = 10
widths = 	20,	16,	20,	21,	25,	27,	28,	22,	29,	25
heights = 	23,	20,	21,	26,	29,	22,	27,	24,	30,	24
powers = 	111,	32,	28,	198,	59,	27,	81,	28,	189,	23
target_reward = 0
connections = 0,	128,	0,	128,	0,	0,	0,	0,	1024,	0;
			128,	0,	128,	128,	0,	512,	128,	512,	0,	0;
			0,	128,	0,	256,	0,	0,	0,	0,	0,	1024;
			128,	128,	256,	0,	512,	512,	0,	0,	1024,	128;
			0,	0,	0,	512,	0,	1024,	0,	0,	256,	0;
			0,	512,	0,	512,	1024,	0,	256,	1024,	0,	128;
			0,	128,	0,	0,	0,	256,	0,	0,	0,	0;
			0,	512,	0,	0,	0,	1024,	0,	0,	256,	0;
			1024,	0,	0,	1024,	256,	0,	0,	256,	0,	0;
			0,	0,	1024,	128,	0,	128,	0,	0,	0,	0
u =  0, 0, 0, 1, 1, 1, 1, 1, 1, 2, 2, 2, 3, 3, 3, 3, 3, 3, 3, 4, 4, 4, 5, 5, 5, 5, 5, 5, 6, 6, 7, 7, 7, 8, 8, 8, 8, 9, 9, 9
v =  1, 3, 8, 0, 2, 3, 5, 6, 7, 1, 3, 9, 0, 1, 2, 4, 5, 8, 9, 3, 5, 8, 1, 3, 4, 6, 7, 9, 1, 5, 1, 5, 8, 0, 3, 4, 7, 2, 3, 5
e =  128, 128, 1024, 128, 128, 128, 512, 128, 512, 128, 256, 1024, 128, 128, 256, 512, 512, 1024, 128, 512, 1024, 256, 512, 512, 1024, 256, 1024, 128, 128, 256, 512, 1024, 256, 1024, 1024, 256, 256, 1024, 128, 128
x = 0,0,0,0,0,0,0,0,0,0
y = 0,0,0,0,0,0,0,0,0,0
