[general]
path = outputs/system/

[chiplets]
chiplet_count = 9
widths = 	27,	27,	12,	23,	21,	10,	22,	14,	14
heights = 	27,	29,	11,	25,	19,	12,	24,	14,	15
powers = 	73,	103,	114,	114,	19,	64,	107,	34,	163
target_reward = 0
connections = 0,	0,	0,	0,	256,	128,	0,	0,	0;
			0,	0,	256,	128,	0,	512,	1024,	0,	1024;
			0,	256,	0,	512,	512,	0,	128,	0,	512;
			0,	128,	512,	0,	1024,	256,	0,	0,	0;
			256,	0,	512,	1024,	0,	0,	0,	256,	0;
			128,	512,	0,	256,	0,	0,	0,	0,	0;
			0,	1024,	128,	0,	0,	0,	0,	0,	0;
			0,	0,	0,	0,	256,	0,	0,	0,	0;
			0,	1024,	512,	0,	0,	0,	0,	0,	0
u =  0, 0, 1, 1, 1, 1, 1, 2, 2, 2, 2, 2, 3, 3, 3, 3, 4, 4, 4, 4, 5, 5, 5, 6, 6, 7, 8, 8
v =  4, 5, 2, 3, 5, 6, 8, 1, 3, 4, 6, 8, 1, 2, 4, 5, 0, 2, 3, 7, 0, 1, 3, 1, 2, 4, 1, 2
e =  256, 128, 256, 128, 512, 1024, 1024, 256, 512, 512, 128, 512, 128, 512, 1024, 256, 256, 512, 1024, 256, 128, 512, 256, 1024, 128, 256, 1024, 512
x = 0,0,0,0,0,0,0,0,0
y = 0,0,0,0,0,0,0,0,0
