[general]
path = outputs/system/

[chiplets]
chiplet_count = 9
widths = 	22,	20,	19,	28,	23,	22,	9,	20,	18
heights = 	25,	19,	22,	27,	22,	19,	8,	24,	17
powers = 	43,	119,	63,	184,	147,	185,	119,	146,	172
target_reward = 0
connections = 0,	0,	0,	128,	0,	0,	512,	0,	0;
			0,	0,	1024,	0,	256,	0,	128,	0,	0;
			0,	1024,	0,	128,	256,	256,	256,	0,	0;
			128,	0,	128,	0,	256,	0,	0,	256,	0;
			0,	256,	256,	256,	0,	256,	0,	0,	128;
			0,	0,	256,	0,	256,	0,	128,	256,	0;
			512,	128,	256,	0,	0,	128,	0,	128,	128;
			0,	0,	0,	256,	0,	256,	128,	0,	0;
			0,	0,	0,	0,	128,	0,	128,	0,	0
u =  0, 0, 1, 1, 1, 2, 2, 2, 2, 2, 3, 3, 3, 3, 4, 4, 4, 4, 4, 5, 5, 5, 5, 6, 6, 6, 6, 6, 6, 7, 7, 7, 8, 8
v =  3, 6, 2, 4, 6, 1, 3, 4, 5, 6, 0, 2, 4, 7, 1, 2, 3, 5, 8, 2, 4, 6, 7, 0, 1, 2, 5, 7, 8, 3, 5, 6, 4, 6
e =  128, 512, 1024, 256, 128, 1024, 128, 256, 256, 256, 128, 128, 256, 256, 256, 256, 256, 256, 128, 256, 256, 128, 256, 512, 128, 256, 128, 128, 128, 256, 256, 128, 128, 128
x = 0,0,0,0,0,0,0,0,0
y = 0,0,0,0,0,0,0,0,0
