[general]
path = outputs/system/

[chiplets]
chiplet_count = 8
widths = 	28,	9,	30,	29,	12,	22,	22,	24
heights = 	25,	9,	27,	30,	11,	24,	22,	21
powers = 	192,	11,	177,	14,	74,	179,	169,	111
target_reward = 0
connections = 0,	0,	0,	0,	0,	1024,	512,	128;
			0,	0,	0,	128,	256,	0,	0,	0;
			0,	0,	0,	256,	0,	0,	512,	0;
			0,	128,	256,	0,	512,	0,	0,	0;
			0,	256,	0,	512,	0,	1024,	128,	0;
			1024,	0,	0,	0,	1024,	0,	128,	128;
			512,	0,	512,	0,	128,	128,	0,	256;
			128,	0,	0,	0,	0,	128,	256,	0
u =  0, 0, 0, 1, 1, 2, 2, 3, 3, 3, 4, 4, 4, 4, 5, 5, 5, 5, 6, 6, 6, 6, 6, 7, 7, 7
v =  5, 6, 7, 3, 4, 3, 6, 1, 2, 4, 1, 3, 5, 6, 0, 4, 6, 7, 0, 2, 4, 5, 7, 0, 5, 6
e =  1024, 512, 128, 128, 256, 256, 512, 128, 256, 512, 256, 512, 1024, 128, 1024, 1024, 128, 128, 512, 512, 128, 128, 256, 128, 128, 256
x = 0,0,0,0,0,0,0,0
y = 0,0,0,0,0,0,0,0
