[general]
path = outputs/system/

[chiplets]
chiplet_count = 7
widths = 	27,	18,	6,	25,	30,	10,	18
heights = 	29,	19,	5,	26,	28,	9,	18
powers = 	93,	98,	5,	151,	85,	90,	86
target_reward = 0
connections = 0,	0,	256,	0,	0,	0,	256;
			0,	0,	0,	512,	0,	512,	0;
			256,	0,	0,	128,	512,	0,	0;
			0,	512,	128,	0,	512,	256,	512;
			0,	0,	512,	512,	0,	1024,	256;
			0,	512,	0,	256,	1024,	0,	128;
			256,	0,	0,	512,	256,	128,	0
u =  0, 0, 1, 1, 2, 2, 2, 3, 3, 3, 3, 3, 4, 4, 4, 4, 5, 5, 5, 5, 6, 6, 6, 6
v =  2, 6, 3, 5, 0, 3, 4, 1, 2, 4, 5, 6, 2, 3, 5, 6, 1, 3, 4, 6, 0, 3, 4, 5
e =  256, 256, 512, 512, 256, 128, 512, 512, 128, 512, 256, 512, 512, 512, 1024, 256, 512, 256, 1024, 128, 256, 512, 256, 128
x = 0,0,0,0,0,0,0
y = 0,0,0,0,0,0,0
