[general]
path = outputs/system/

[chiplets]
chiplet_count = 8
widths = 	30,	21,	5,	17,	12,	23,	23,	21
heights = 	24,	21,	6,	19,	11,	27,	19,	18
powers = 	56,	85,	171,	170,	29,	42,	180,	31
target_reward = 0
connections = 0,	1024,	0,	512,	1024,	0,	0,	0;
			1024,	0,	128,	0,	0,	0,	0,	0;
			0,	128,	0,	512,	128,	0,	128,	512;
			512,	0,	512,	0,	1024,	512,	128,	0;
			1024,	0,	128,	1024,	0,	256,	512,	256;
			0,	0,	0,	512,	256,	0,	0,	512;
			0,	0,	128,	128,	512,	0,	0,	0;
			0,	0,	512,	0,	256,	512,	0,	0
u =  0, 0, 0, 1, 1, 2, 2, 2, 2, 2, 3, 3, 3, 3, 3, 4, 4, 4, 4, 4, 4, 5, 5, 5, 6, 6, 6, 7, 7, 7
v =  1, 3, 4, 0, 2, 1, 3, 4, 6, 7, 0, 2, 4, 5, 6, 0, 2, 3, 5, 6, 7, 3, 4, 7, 2, 3, 4, 2, 4, 5
e =  1024, 512, 1024, 1024, 128, 128, 512, 128, 128, 512, 512, 512, 1024, 512, 128, 1024, 128, 1024, 256, 512, 256, 512, 256, 512, 128, 128, 512, 512, 256, 512
x = 0,0,0,0,0,0,0,0
y = 0,0,0,0,0,0,0,0
