[general]
path = outputs/system/

[chiplets]
chiplet_count = 11
widths = 	21,	24,	21,	23,	22,	23,	19,	21,	22,	26,	30
heights = 	19,	30,	25,	20,	18,	21,	19,	26,	21,	30,	24
powers = 	154,	2,	12,	43,	2,	63,	72,	49,	36,	141,	81
target_reward = 0
connections = 0,	128,	0,	0,	512,	1024,	0,	0,	0,	0,	256;
			128,	0,	0,	0,	0,	0,	0,	0,	0,	0,	512;
			0,	0,	0,	0,	1024,	0,	0,	0,	1024,	0,	0;
			0,	0,	0,	0,	0,	512,	0,	0,	512,	0,	0;
			512,	0,	1024,	0,	0,	128,	0,	128,	0,	0,	256;
			1024,	0,	0,	512,	128,	0,	128,	128,	0,	512,	0;
			0,	0,	0,	0,	0,	128,	0,	1024,	1024,	128,	0;
			0,	0,	0,	0,	128,	128,	1024,	0,	128,	0,	0;
			0,	0,	1024,	512,	0,	0,	1024,	128,	0,	0,	0;
			0,	0,	0,	0,	0,	512,	128,	0,	0,	0,	0;
			256,	512,	0,	0,	256,	0,	0,	0,	0,	0,	0
u =  0, 0, 0, 0, 1, 1, 2, 2, 3, 3, 4, 4, 4, 4, 4, 5, 5, 5, 5, 5, 5, 6, 6, 6, 6, 7, 7, 7, 7, 8, 8, 8, 8, 9, 9, 10, 10, 10
v =  1, 4, 5, 10, 0, 10, 4, 8, 5, 8, 0, 2, 5, 7, 10, 0, 3, 4, 6, 7, 9, 5, 7, 8, 9, 4, 5, 6, 8, 2, 3, 6, 7, 5, 6, 0, 1, 4
e =  128, 512, 1024, 256, 128, 512, 1024, 1024, 512, 512, 512, 1024, 128, 128, 256, 1024, 512, 128, 128, 128, 512, 128, 1024, 1024, 128, 128, 128, 1024, 128, 1024, 512, 1024, 128, 512, 128, 256, 512, 256
x = 0,0,0,0,0,0,0,0,0,0,0
y = 0,0,0,0,0,0,0,0,0,0,0
