[general]
path = outputs/system/

[chiplets]
chiplet_count = 9
widths = 	14,	19,	19,	22,	22,	20,	28,	16,	21
heights = 	16,	20,	17,	26,	18,	24,	24,	15,	22
powers = 	137,	133,	34,	83,	163,	11,	169,	148,	200
target_reward = 0
connections = 0,	128,	0,	0,	0,	0,	1024,	0,	256;
			128,	0,	512,	256,	0,	0,	0,	0,	0;
			0,	512,	0,	1024,	0,	0,	0,	512,	0;
			0,	256,	1024,	0,	0,	0,	256,	0,	0;
			0,	0,	0,	0,	0,	128,	128,	256,	512;
			0,	0,	0,	0,	128,	0,	512,	1024,	0;
			1024,	0,	0,	256,	128,	512,	0,	0,	0;
			0,	0,	512,	0,	256,	1024,	0,	0,	0;
			256,	0,	0,	0,	512,	0,	0,	0,	0
u =  0, 0, 0, 1, 1, 1, 2, 2, 2, 3, 3, 3, 4, 4, 4, 4, 5, 5, 5, 6, 6, 6, 6, 7, 7, 7, 8, 8
v =  1, 6, 8, 0, 2, 3, 1, 3, 7, 1, 2, 6, 5, 6, 7, 8, 4, 6, 7, 0, 3, 4, 5, 2, 4, 5, 0, 4
e =  128, 1024, 256, 128, 512, 256, 512, 1024, 512, 256, 1024, 256, 128, 128, 256, 512, 128, 512, 1024, 1024, 256, 128, 512, 512, 256, 1024, 256, 512
x = 0,0,0,0,0,0,0,0,0
y = 0,0,0,0,0,0,0,0,0
