[general]
path = outputs/system/

[chiplets]
chiplet_count = 7
widths = 	16,	19,	7,	19,	9,	6,	29
heights = 	18,	18,	6,	16,	11,	5,	28
powers = 	108,	26,	143,	132,	170,	139,	15
target_reward = 0
connections = 0,	256,	0,	128,	1024,	0,	256;
			256,	0,	256,	0,	512,	0,	512;
			0,	256,	0,	128,	1024,	1024,	0;
			128,	0,	128,	0,	512,	0,	0;
			1024,	512,	1024,	512,	0,	1024,	1024;
			0,	0,	1024,	0,	1024,	0,	128;
			256,	512,	0,	0,	1024,	128,	0
u =  0, 0, 0, 0, 1, 1, 1, 1, 2, 2, 2, 2, 3, 3, 3, 4, 4, 4, 4, 4, 4, 5, 5, 5, 6, 6, 6, 6
v =  1, 3, 4, 6, 0, 2, 4, 6, 1, 3, 4, 5, 0, 2, 4, 0, 1, 2, 3, 5, 6, 2, 4, 6, 0, 1, 4, 5
e =  256, 128, 1024, 256, 256, 256, 512, 512, 256, 128, 1024, 1024, 128, 128, 512, 1024, 512, 1024, 512, 1024, 1024, 1024, 1024, 128, 256, 512, 1024, 128
x = 0,0,0,0,0,0,0
y = 0,0,0,0,0,0,0
