[general]
path = outputs/system/

[chiplets]
chiplet_count = 10
widths = 	14,	16,	19,	21,	29,	6,	11,	20,	23,	23
heights = 	16,	13,	17,	25,	25,	5,	10,	25,	28,	22
powers = 	73,	2,	115,	116,	161,	172,	82,	78,	46,	133
target_reward = 0
connections = 0,	0,	1024,	0,	512,	1024,	512,	0,	128,	0;
			0,	0,	128,	512,	0,	0,	0,	128,	0,	0;
			1024,	128,	0,	512,	256,	0,	0,	0,	128,	0;
			0,	512,	512,	0,	512,	512,	0,	1024,	0,	1024;
			512,	0,	256,	512,	0,	256,	128,	0,	0,	0;
			1024,	0,	0,	512,	256,	0,	1024,	0,	128,	0;
			512,	0,	0,	0,	128,	1024,	0,	0,	0,	0;
			0,	128,	0,	1024,	0,	0,	0,	0,	256,	0;
			128,	0,	128,	0,	0,	128,	0,	256,	0,	0;
			0,	0,	0,	1024,	0,	0,	0,	0,	0,	0
u =  0, 0, 0, 0, 0, 1, 1, 1, 2, 2, 2, 2, 2, 3, 3, 3, 3, 3, 3, 4, 4, 4, 4, 4, 5, 5, 5, 5, 5, 6, 6, 6, 7, 7, 7, 8, 8, 8, 8, 9
v =  2, 4, 5, 6, 8, 2, 3, 7, 0, 1, 3, 4, 8, 1, 2, 4, 5, 7, 9, 0, 2, 3, 5, 6, 0, 3, 4, 6, 8, 0, 4, 5, 1, 3, 8, 0, 2, 5, 7, 3
e =  1024, 512, 1024, 512, 128, 128, 512, 128, 1024, 128, 512, 256, 128, 512, 512, 512, 512, 1024, 1024, 512, 256, 512, 256, 128, 1024, 512, 256, 1024, 128, 512, 128, 1024, 128, 1024, 256, 128, 128, 128, 256, 1024
x = 0,0,0,0,0,0,0,0,0,0
y = 0,0,0,0,0,0,0,0,0,0
