[general]
path = outputs/system/

[chiplets]
chiplet_count = 12
widths = 	25,	29,	11,	26,	29,	16,	18,	13,	7,	27,	5,	21
heights = 	27,	24,	9,	29,	26,	14,	19,	14,	7,	29,	4,	22
powers = 	139,	40,	160,	185,	172,	39,	135,	56,	86,	50,	150,	105
target_reward = 0
connections = 0,	0,	0,	0,	0,	0,	1024,	0,	128,	0,	0,	1024;
			0,	0,	0,	512,	0,	0,	128,	0,	1024,	256,	0,	0;
			0,	0,	0,	0,	0,	0,	0,	0,	128,	0,	0,	0;
			0,	512,	0,	0,	128,	512,	0,	0,	0,	0,	256,	0;
			0,	0,	0,	128,	0,	512,	256,	0,	0,	0,	0,	0;
			0,	0,	0,	512,	512,	0,	128,	0,	256,	128,	256,	0;
			1024,	128,	0,	0,	256,	128,	0,	256,	0,	0,	0,	0;
			0,	0,	0,	0,	0,	0,	256,	0,	0,	256,	0,	0;
			128,	1024,	128,	0,	0,	256,	0,	0,	0,	0,	0,	0;
			0,	256,	0,	0,	0,	128,	0,	256,	0,	0,	0,	0;
			0,	0,	0,	256,	0,	256,	0,	0,	0,	0,	0,	0;
			1024,	0,	0,	0,	0,	0,	0,	0,	0,	0,	0,	0
u =  0, 0, 0, 1, 1, 1, 1, 2, 3, 3, 3, 3, 4, 4, 4, 5, 5, 5, 5, 5, 5, 6, 6, 6, 6, 6, 7, 7, 8, 8, 8, 8, 9, 9, 9, 10, 10, 11
v =  6, 8, 11, 3, 6, 8, 9, 8, 1, 4, 5, 10, 3, 5, 6, 3, 4, 6, 8, 9, 10, 0, 1, 4, 5, 7, 6, 9, 0, 1, 2, 5, 1, 5, 7, 3, 5, 0
e =  1024, 128, 1024, 512, 128, 1024, 256, 128, 512, 128, 512, 256, 128, 512, 256, 512, 512, 128, 256, 128, 256, 1024, 128, 256, 128, 256, 256, 256, 128, 1024, 128, 256, 256, 128, 256, 256, 256, 1024
x = 0,0,0,0,0,0,0,0,0,0,0,0
y = 0,0,0,0,0,0,0,0,0,0,0,0
