[general]
path = outputs/system/

[chiplets]
chiplet_count = 10
widths = 	23,	8,	19,	25,	15,	6,	20,	15,	27,	28
heights = 	25,	10,	19,	26,	16,	5,	20,	13,	30,	28
powers = 	131,	150,	97,	129,	13,	102,	52,	114,	102,	47
target_reward = 0
connections = 0,	0,	0,	128,	0,	512,	0,	0,	512,	0;
			0,	0,	512,	0,	512,	0,	0,	0,	256,	256;
			0,	512,	0,	0,	0,	512,	0,	256,	512,	128;
			128,	0,	0,	0,	0,	128,	0,	256,	128,	512;
			0,	512,	0,	0,	0,	0,	0,	0,	1024,	0;
			512,	0,	512,	128,	0,	0,	0,	128,	0,	0;
			0,	0,	0,	0,	0,	0,	0,	0,	1024,	512;
			0,	0,	256,	256,	0,	128,	0,	0,	0,	0;
			512,	256,	512,	128,	1024,	0,	1024,	0,	0,	256;
			0,	256,	128,	512,	0,	0,	512,	0,	256,	0
u =  0, 0, 0, 1, 1, 1, 1, 2, 2, 2, 2, 2, 3, 3, 3, 3, 3, 4, 4, 5, 5, 5, 5, 6, 6, 7, 7, 7, 8, 8, 8, 8, 8, 8, 8, 9, 9, 9, 9, 9
v =  3, 5, 8, 2, 4, 8, 9, 1, 5, 7, 8, 9, 0, 5, 7, 8, 9, 1, 8, 0, 2, 3, 7, 8, 9, 2, 3, 5, 0, 1, 2, 3, 4, 6, 9, 1, 2, 3, 6, 8
e =  128, 512, 512, 512, 512, 256, 256, 512, 512, 256, 512, 128, 128, 128, 256, 128, 512, 512, 1024, 512, 512, 128, 128, 1024, 512, 256, 256, 128, 512, 256, 512, 128, 1024, 1024, 256, 256, 128, 512, 512, 256
x = 0,0,0,0,0,0,0,0,0,0
y = 0,0,0,0,0,0,0,0,0,0
