[general]
path = outputs/system/

[chiplets]
chiplet_count = 9
widths = 	30,	6,	4,	26,	12,	26,	27,	26,	23
heights = 	30,	5,	4,	30,	11,	26,	27,	27,	21
powers = 	192,	147,	83,	97,	55,	99,	189,	35,	69
target_reward = 0
connections = 0,	256,	1024,	0,	128,	0,	0,	512,	512;
			256,	0,	256,	1024,	0,	0,	0,	0,	0;
			1024,	256,	0,	1024,	0,	1024,	256,	256,	0;
			0,	1024,	1024,	0,	256,	0,	128,	0,	512;
			128,	0,	0,	256,	0,	128,	0,	0,	512;
			0,	0,	1024,	0,	128,	0,	256,	512,	0;
			0,	0,	256,	128,	0,	256,	0,	0,	256;
			512,	0,	256,	0,	0,	512,	0,	0,	0;
			512,	0,	0,	512,	512,	0,	256,	0,	0
u =  0, 0, 0, 0, 0, 1, 1, 1, 2, 2, 2, 2, 2, 2, 3, 3, 3, 3, 3, 4, 4, 4, 4, 5, 5, 5, 5, 6, 6, 6, 6, 7, 7, 7, 8, 8, 8, 8
v =  1, 2, 4, 7, 8, 0, 2, 3, 0, 1, 3, 5, 6, 7, 1, 2, 4, 6, 8, 0, 3, 5, 8, 2, 4, 6, 7, 2, 3, 5, 8, 0, 2, 5, 0, 3, 4, 6
e =  256, 1024, 128, 512, 512, 256, 256, 1024, 1024, 256, 1024, 1024, 256, 256, 1024, 1024, 256, 128, 512, 128, 256, 128, 512, 1024, 128, 256, 512, 256, 128, 256, 256, 512, 256, 512, 512, 512, 512, 256
x = 0,0,0,0,0,0,0,0,0
y = 0,0,0,0,0,0,0,0,0
