[general]
path = outputs/system/

[chiplets]
chiplet_count = 9
widths = 	26,	5,	13,	12,	30,	29,	16,	17,	30
heights = 	29,	6,	16,	12,	26,	27,	17,	19,	28
powers = 	135,	29,	141,	39,	20,	160,	145,	7,	26
target_reward = 0
connections = 0,	512,	0,	128,	512,	256,	0,	0,	256;
			512,	0,	512,	256,	0,	0,	512,	0,	0;
			0,	512,	0,	512,	256,	512,	0,	0,	0;
			128,	256,	512,	0,	512,	0,	0,	1024,	0;
			512,	0,	256,	512,	0,	0,	0,	256,	512;
			256,	0,	512,	0,	0,	0,	0,	1024,	1024;
			0,	512,	0,	0,	0,	0,	0,	0,	128;
			0,	0,	0,	1024,	256,	1024,	0,	0,	0;
			256,	0,	0,	0,	512,	1024,	128,	0,	0
u =  0, 0, 0, 0, 0, 1, 1, 1, 1, 2, 2, 2, 2, 3, 3, 3, 3, 3, 4, 4, 4, 4, 4, 5, 5, 5, 5, 6, 6, 7, 7, 7, 8, 8, 8, 8
v =  1, 3, 4, 5, 8, 0, 2, 3, 6, 1, 3, 4, 5, 0, 1, 2, 4, 7, 0, 2, 3, 7, 8, 0, 2, 7, 8, 1, 8, 3, 4, 5, 0, 4, 5, 6
e =  512, 128, 512, 256, 256, 512, 512, 256, 512, 512, 512, 256, 512, 128, 256, 512, 512, 1024, 512, 256, 512, 256, 512, 256, 512, 1024, 1024, 512, 128, 1024, 256, 1024, 256, 512, 1024, 128
x = 0,0,0,0,0,0,0,0,0
y = 0,0,0,0,0,0,0,0,0
