[general]
path = outputs/system/

[chiplets]
chiplet_count = 7
widths = 	14,	20,	5,	21,	10,	25,	28
heights = 	12,	22,	6,	22,	10,	30,	28
powers = 	43,	28,	139,	12,	22,	86,	51
target_reward = 0
connections = 0,	256,	0,	128,	0,	0,	0;
			256,	0,	0,	512,	512,	0,	0;
			0,	0,	0,	0,	256,	512,	512;
			128,	512,	0,	0,	256,	1024,	0;
			0,	512,	256,	256,	0,	1024,	512;
			0,	0,	512,	1024,	1024,	0,	1024;
			0,	0,	512,	0,	512,	1024,	0
u =  0, 0, 1, 1, 1, 2, 2, 2, 3, 3, 3, 3, 4, 4, 4, 4, 4, 5, 5, 5, 5, 6, 6, 6
v =  1, 3, 0, 3, 4, 4, 5, 6, 0, 1, 4, 5, 1, 2, 3, 5, 6, 2, 3, 4, 6, 2, 4, 5
e =  256, 128, 256, 512, 512, 256, 512, 512, 128, 512, 256, 1024, 512, 256, 256, 1024, 512, 512, 1024, 1024, 1024, 512, 512, 1024
x = 0,0,0,0,0,0,0
y = 0,0,0,0,0,0,0
