[general]
path = outputs/system/

[chiplets]
chiplet_count = 9
widths = 	16,	29,	5,	24,	23,	28,	11,	25,	19
heights = 	16,	27,	5,	22,	26,	23,	12,	27,	16
powers = 	164,	92,	11,	138,	63,	113,	97,	107,	117
target_reward = 0
connections = 0,	0,	0,	512,	128,	0,	0,	0,	0;
			0,	0,	0,	0,	512,	0,	0,	1024,	256;
			0,	0,	0,	128,	1024,	256,	0,	0,	256;
			512,	0,	128,	0,	256,	512,	256,	512,	0;
			128,	512,	1024,	256,	0,	0,	128,	0,	0;
			0,	0,	256,	512,	0,	0,	512,	0,	0;
			0,	0,	0,	256,	128,	512,	0,	256,	128;
			0,	1024,	0,	512,	0,	0,	256,	0,	1024;
			0,	256,	256,	0,	0,	0,	128,	1024,	0
u =  0, 0, 1, 1, 1, 2, 2, 2, 2, 3, 3, 3, 3, 3, 3, 4, 4, 4, 4, 4, 5, 5, 5, 6, 6, 6, 6, 6, 7, 7, 7, 7, 8, 8, 8, 8
v =  3, 4, 4, 7, 8, 3, 4, 5, 8, 0, 2, 4, 5, 6, 7, 0, 1, 2, 3, 6, 2, 3, 6, 3, 4, 5, 7, 8, 1, 3, 6, 8, 1, 2, 6, 7
e =  512, 128, 512, 1024, 256, 128, 1024, 256, 256, 512, 128, 256, 512, 256, 512, 128, 512, 1024, 256, 128, 256, 512, 512, 256, 128, 512, 256, 128, 1024, 512, 256, 1024, 256, 256, 128, 1024
x = 0,0,0,0,0,0,0,0,0
y = 0,0,0,0,0,0,0,0,0
