[general]
path = outputs/system/

[chiplets]
chiplet_count = 8
widths = 	17,	21,	20,	4,	15,	7,	26,	28
heights = 	14,	19,	24,	5,	18,	6,	22,	28
powers = 	181,	163,	98,	171,	161,	158,	195,	36
target_reward = 0
connections = 0,	0,	1024,	0,	1024,	0,	128,	0;
			0,	0,	0,	1024,	0,	0,	0,	128;
			1024,	0,	0,	512,	256,	0,	0,	1024;
			0,	1024,	512,	0,	512,	0,	1024,	0;
			1024,	0,	256,	512,	0,	1024,	1024,	0;
			0,	0,	0,	0,	1024,	0,	512,	0;
			128,	0,	0,	1024,	1024,	512,	0,	0;
			0,	128,	1024,	0,	0,	0,	0,	0
u =  0, 0, 0, 1, 1, 2, 2, 2, 2, 3, 3, 3, 3, 4, 4, 4, 4, 4, 5, 5, 6, 6, 6, 6, 7, 7
v =  2, 4, 6, 3, 7, 0, 3, 4, 7, 1, 2, 4, 6, 0, 2, 3, 5, 6, 4, 6, 0, 3, 4, 5, 1, 2
e =  1024, 1024, 128, 1024, 128, 1024, 512, 256, 1024, 1024, 512, 512, 1024, 1024, 256, 512, 1024, 1024, 1024, 512, 128, 1024, 1024, 512, 128, 1024
x = 0,0,0,0,0,0,0,0
y = 0,0,0,0,0,0,0,0
