[general]
path = outputs/system/

[chiplets]
chiplet_count = 7
widths = 	10,	15,	12,	21,	22,	14,	20
heights = 	9,	17,	11,	25,	21,	14,	17
powers = 	108,	29,	81,	25,	106,	150,	196
target_reward = 0
connections = 0,	0,	512,	256,	0,	0,	512;
			0,	0,	128,	1024,	0,	512,	128;
			512,	128,	0,	512,	512,	0,	1024;
			256,	1024,	512,	0,	0,	256,	1024;
			0,	0,	512,	0,	0,	512,	128;
			0,	512,	0,	256,	512,	0,	128;
			512,	128,	1024,	1024,	128,	128,	0
u =  0, 0, 0, 1, 1, 1, 1, 2, 2, 2, 2, 2, 3, 3, 3, 3, 3, 4, 4, 4, 5, 5, 5, 5, 6, 6, 6, 6, 6, 6
v =  2, 3, 6, 2, 3, 5, 6, 0, 1, 3, 4, 6, 0, 1, 2, 5, 6, 2, 5, 6, 1, 3, 4, 6, 0, 1, 2, 3, 4, 5
e =  512, 256, 512, 128, 1024, 512, 128, 512, 128, 512, 512, 1024, 256, 1024, 512, 256, 1024, 512, 512, 128, 512, 256, 512, 128, 512, 128, 1024, 1024, 128, 128
x = 0,0,0,0,0,0,0
y = 0,0,0,0,0,0,0
