[general]
path = outputs/system/

[chiplets]
chiplet_count = 10
widths = 	21,	15,	30,	18,	25,	27,	14,	7,	8,	28
heights = 	19,	18,	25,	22,	21,	24,	17,	8,	9,	29
powers = 	77,	1,	175,	125,	165,	136,	119,	69,	182,	56
target_reward = 0
connections = 0,	1024,	128,	0,	128,	0,	1024,	512,	512,	0;
			1024,	0,	1024,	0,	256,	128,	0,	256,	256,	0;
			128,	1024,	0,	512,	512,	0,	0,	0,	0,	0;
			0,	0,	512,	0,	256,	512,	0,	0,	0,	128;
			128,	256,	512,	256,	0,	0,	0,	0,	0,	0;
			0,	128,	0,	512,	0,	0,	128,	0,	0,	0;
			1024,	0,	0,	0,	0,	128,	0,	0,	0,	1024;
			512,	256,	0,	0,	0,	0,	0,	0,	0,	0;
			512,	256,	0,	0,	0,	0,	0,	0,	0,	0;
			0,	0,	0,	128,	0,	0,	1024,	0,	0,	0
u =  0, 0, 0, 0, 0, 0, 1, 1, 1, 1, 1, 1, 2, 2, 2, 2, 3, 3, 3, 3, 4, 4, 4, 4, 5, 5, 5, 6, 6, 6, 7, 7, 8, 8, 9, 9
v =  1, 2, 4, 6, 7, 8, 0, 2, 4, 5, 7, 8, 0, 1, 3, 4, 2, 4, 5, 9, 0, 1, 2, 3, 1, 3, 6, 0, 5, 9, 0, 1, 0, 1, 3, 6
e =  1024, 128, 128, 1024, 512, 512, 1024, 1024, 256, 128, 256, 256, 128, 1024, 512, 512, 512, 256, 512, 128, 128, 256, 512, 256, 128, 512, 128, 1024, 128, 1024, 512, 256, 512, 256, 128, 1024
x = 0,0,0,0,0,0,0,0,0,0
y = 0,0,0,0,0,0,0,0,0,0
