[general]
path = outputs/system/

[chiplets]
chiplet_count = 9
widths = 	19,	7,	16,	10,	22,	23,	27,	22,	21
heights = 	17,	8,	18,	8,	24,	28,	26,	21,	23
powers = 	143,	109,	151,	25,	179,	49,	186,	18,	92
target_reward = 0
connections = 0,	0,	0,	0,	1024,	512,	0,	0,	0;
			0,	0,	0,	128,	0,	0,	0,	0,	0;
			0,	0,	0,	256,	128,	0,	0,	1024,	0;
			0,	128,	256,	0,	512,	128,	512,	0,	0;
			1024,	0,	128,	512,	0,	0,	0,	1024,	0;
			512,	0,	0,	128,	0,	0,	0,	512,	0;
			0,	0,	0,	512,	0,	0,	0,	1024,	128;
			0,	0,	1024,	0,	1024,	512,	1024,	0,	128;
			0,	0,	0,	0,	0,	0,	128,	128,	0
u =  0, 0, 1, 2, 2, 2, 3, 3, 3, 3, 3, 4, 4, 4, 4, 5, 5, 5, 6, 6, 6, 7, 7, 7, 7, 7, 8, 8
v =  4, 5, 3, 3, 4, 7, 1, 2, 4, 5, 6, 0, 2, 3, 7, 0, 3, 7, 3, 7, 8, 2, 4, 5, 6, 8, 6, 7
e =  1024, 512, 128, 256, 128, 1024, 128, 256, 512, 128, 512, 1024, 128, 512, 1024, 512, 128, 512, 512, 1024, 128, 1024, 1024, 512, 1024, 128, 128, 128
x = 0,0,0,0,0,0,0,0,0
y = 0,0,0,0,0,0,0,0,0
