[general]
path = outputs/system/

[chiplets]
chiplet_count = 10
widths = 	10,	26,	24,	25,	21,	12,	24,	16,	7,	12
heights = 	10,	21,	29,	22,	23,	13,	25,	14,	8,	11
powers = 	98,	129,	120,	122,	196,	9,	139,	175,	143,	92
target_reward = 0
connections = 0,	0,	0,	0,	0,	0,	512,	0,	0,	0;
			0,	0,	128,	0,	1024,	0,	256,	0,	0,	0;
			0,	128,	0,	0,	0,	128,	0,	0,	0,	512;
			0,	0,	0,	0,	0,	0,	128,	0,	128,	512;
			0,	1024,	0,	0,	0,	0,	256,	0,	1024,	0;
			0,	0,	128,	0,	0,	0,	128,	128,	1024,	1024;
			512,	256,	0,	128,	256,	128,	0,	1024,	0,	512;
			0,	0,	0,	0,	0,	128,	1024,	0,	256,	128;
			0,	0,	0,	128,	1024,	1024,	0,	256,	0,	512;
			0,	0,	512,	512,	0,	1024,	512,	128,	512,	0
u =  0, 1, 1, 1, 2, 2, 2, 3, 3, 3, 4, 4, 4, 5, 5, 5, 5, 5, 6, 6, 6, 6, 6, 6, 6, 7, 7, 7, 7, 8, 8, 8, 8, 8, 9, 9, 9, 9, 9, 9
v =  6, 2, 4, 6, 1, 5, 9, 6, 8, 9, 1, 6, 8, 2, 6, 7, 8, 9, 0, 1, 3, 4, 5, 7, 9, 5, 6, 8, 9, 3, 4, 5, 7, 9, 2, 3, 5, 6, 7, 8
e =  512, 128, 1024, 256, 128, 128, 512, 128, 128, 512, 1024, 256, 1024, 128, 128, 128, 1024, 1024, 512, 256, 128, 256, 128, 1024, 512, 128, 1024, 256, 128, 128, 1024, 1024, 256, 512, 512, 512, 1024, 512, 128, 512
x = 0,0,0,0,0,0,0,0,0,0
y = 0,0,0,0,0,0,0,0,0,0
