[general]
path = outputs/system/

[chiplets]
chiplet_count = 11
widths = 	28,	21,	25,	22,	3,	9,	20,	19,	19,	27,	13
heights = 	23,	17,	21,	27,	3,	11,	25,	17,	21,	28,	12
powers = 	119,	83,	119,	81,	82,	191,	76,	160,	67,	144,	22
target_reward = 0
connections = 0,	0,	0,	0,	0,	0,	256,	0,	512,	1024,	1024;
			0,	0,	128,	0,	0,	0,	128,	0,	0,	0,	512;
			0,	128,	0,	0,	1024,	256,	0,	0,	0,	0,	0;
			0,	0,	0,	0,	0,	0,	0,	0,	0,	512,	512;
			0,	0,	1024,	0,	0,	0,	1024,	0,	0,	512,	0;
			0,	0,	256,	0,	0,	0,	128,	512,	0,	1024,	0;
			256,	128,	0,	0,	1024,	128,	0,	0,	0,	0,	0;
			0,	0,	0,	0,	0,	512,	0,	0,	0,	1024,	0;
			512,	0,	0,	0,	0,	0,	0,	0,	0,	0,	512;
			1024,	0,	0,	512,	512,	1024,	0,	1024,	0,	0,	0;
			1024,	512,	0,	512,	0,	0,	0,	0,	512,	0,	0
u =  0, 0, 0, 0, 1, 1, 1, 2, 2, 2, 3, 3, 4, 4, 4, 5, 5, 5, 5, 6, 6, 6, 6, 7, 7, 8, 8, 9, 9, 9, 9, 9, 10, 10, 10, 10
v =  6, 8, 9, 10, 2, 6, 10, 1, 4, 5, 9, 10, 2, 6, 9, 2, 6, 7, 9, 0, 1, 4, 5, 5, 9, 0, 10, 0, 3, 4, 5, 7, 0, 1, 3, 8
e =  256, 512, 1024, 1024, 128, 128, 512, 128, 1024, 256, 512, 512, 1024, 1024, 512, 256, 128, 512, 1024, 256, 128, 1024, 128, 512, 1024, 512, 512, 1024, 512, 512, 1024, 1024, 1024, 512, 512, 512
x = 0,0,0,0,0,0,0,0,0,0,0
y = 0,0,0,0,0,0,0,0,0,0,0
