[general]
path = outputs/system/

[chiplets]
chiplet_count = 9
widths = 	28,	4,	19,	16,	4,	19,	19,	23,	23
heights = 	23,	4,	20,	14,	5,	20,	22,	20,	27
powers = 	169,	37,	97,	138,	87,	5,	199,	128,	49
target_reward = 0
connections = 0,	0,	1024,	1024,	0,	128,	128,	0,	0;
			0,	0,	512,	1024,	128,	128,	0,	0,	128;
			1024,	512,	0,	256,	1024,	512,	256,	0,	128;
			1024,	1024,	256,	0,	0,	0,	0,	512,	0;
			0,	128,	1024,	0,	0,	0,	0,	0,	0;
			128,	128,	512,	0,	0,	0,	128,	128,	1024;
			128,	0,	256,	0,	0,	128,	0,	256,	0;
			0,	0,	0,	512,	0,	128,	256,	0,	0;
			0,	128,	128,	0,	0,	1024,	0,	0,	0
u =  0, 0, 0, 0, 1, 1, 1, 1, 1, 2, 2, 2, 2, 2, 2, 2, 3, 3, 3, 3, 4, 4, 5, 5, 5, 5, 5, 5, 6, 6, 6, 6, 7, 7, 7, 8, 8, 8
v =  2, 3, 5, 6, 2, 3, 4, 5, 8, 0, 1, 3, 4, 5, 6, 8, 0, 1, 2, 7, 1, 2, 0, 1, 2, 6, 7, 8, 0, 2, 5, 7, 3, 5, 6, 1, 2, 5
e =  1024, 1024, 128, 128, 512, 1024, 128, 128, 128, 1024, 512, 256, 1024, 512, 256, 128, 1024, 1024, 256, 512, 128, 1024, 128, 128, 512, 128, 128, 1024, 128, 256, 128, 256, 512, 128, 256, 128, 128, 1024
x = 0,0,0,0,0,0,0,0,0
y = 0,0,0,0,0,0,0,0,0
