[general]
path = outputs/system/

[chiplets]
chiplet_count = 9
widths = 	11,	6,	22,	7,	7,	15,	16,	5,	28
heights = 	10,	7,	22,	6,	7,	12,	13,	5,	27
powers = 	170,	96,	44,	199,	170,	197,	11,	135,	75
target_reward = 0
connections = 0,	0,	0,	128,	128,	0,	0,	512,	0;
			0,	0,	1024,	1024,	0,	0,	128,	1024,	0;
			0,	1024,	0,	512,	128,	512,	0,	128,	256;
			128,	1024,	512,	0,	128,	0,	256,	128,	0;
			128,	0,	128,	128,	0,	0,	0,	512,	0;
			0,	0,	512,	0,	0,	0,	0,	256,	1024;
			0,	128,	0,	256,	0,	0,	0,	128,	0;
			512,	1024,	128,	128,	512,	256,	128,	0,	0;
			0,	0,	256,	0,	0,	1024,	0,	0,	0
u =  0, 0, 0, 1, 1, 1, 1, 2, 2, 2, 2, 2, 2, 3, 3, 3, 3, 3, 3, 4, 4, 4, 4, 5, 5, 5, 6, 6, 6, 7, 7, 7, 7, 7, 7, 7, 8, 8
v =  3, 4, 7, 2, 3, 6, 7, 1, 3, 4, 5, 7, 8, 0, 1, 2, 4, 6, 7, 0, 2, 3, 7, 2, 7, 8, 1, 3, 7, 0, 1, 2, 3, 4, 5, 6, 2, 5
e =  128, 128, 512, 1024, 1024, 128, 1024, 1024, 512, 128, 512, 128, 256, 128, 1024, 512, 128, 256, 128, 128, 128, 128, 512, 512, 256, 1024, 128, 256, 128, 512, 1024, 128, 128, 512, 256, 128, 256, 1024
x = 0,0,0,0,0,0,0,0,0
y = 0,0,0,0,0,0,0,0,0
