[general]
path = outputs/system/

[chiplets]
chiplet_count = 8
widths = 	5,	22,	21,	25,	29,	10,	8,	15
heights = 	5,	20,	18,	22,	29,	11,	10,	13
powers = 	124,	176,	182,	21,	135,	112,	65,	13
target_reward = 0
connections = 0,	128,	512,	0,	0,	0,	0,	0;
			128,	0,	256,	0,	0,	0,	0,	1024;
			512,	256,	0,	0,	1024,	0,	1024,	512;
			0,	0,	0,	0,	128,	128,	0,	0;
			0,	0,	1024,	128,	0,	512,	0,	256;
			0,	0,	0,	128,	512,	0,	0,	0;
			0,	0,	1024,	0,	0,	0,	0,	256;
			0,	1024,	512,	0,	256,	0,	256,	0
u =  0, 0, 1, 1, 1, 2, 2, 2, 2, 2, 3, 3, 4, 4, 4, 4, 5, 5, 6, 6, 7, 7, 7, 7
v =  1, 2, 0, 2, 7, 0, 1, 4, 6, 7, 4, 5, 2, 3, 5, 7, 3, 4, 2, 7, 1, 2, 4, 6
e =  128, 512, 128, 256, 1024, 512, 256, 1024, 1024, 512, 128, 128, 1024, 128, 512, 256, 128, 512, 1024, 256, 1024, 512, 256, 256
x = 0,0,0,0,0,0,0,0
y = 0,0,0,0,0,0,0,0
