[general]
path = outputs/system/

[chiplets]
chiplet_count = 10
widths = 	18,	25,	15,	8,	18,	20,	24,	9,	18,	19
heights = 	20,	29,	15,	9,	18,	20,	25,	11,	17,	17
powers = 	88,	59,	20,	8,	87,	193,	27,	116,	196,	58
target_reward = 0
connections = 0,	0,	0,	0,	1024,	0,	0,	128,	512,	0;
			0,	0,	0,	512,	0,	0,	0,	0,	512,	0;
			0,	0,	0,	0,	0,	0,	0,	0,	0,	128;
			0,	512,	0,	0,	128,	1024,	128,	1024,	0,	0;
			1024,	0,	0,	128,	0,	128,	0,	0,	512,	0;
			0,	0,	0,	1024,	128,	0,	512,	128,	0,	1024;
			0,	0,	0,	128,	0,	512,	0,	256,	0,	0;
			128,	0,	0,	1024,	0,	128,	256,	0,	0,	1024;
			512,	512,	0,	0,	512,	0,	0,	0,	0,	0;
			0,	0,	128,	0,	0,	1024,	0,	1024,	0,	0
u =  0, 0, 0, 1, 1, 2, 3, 3, 3, 3, 3, 4, 4, 4, 4, 5, 5, 5, 5, 5, 6, 6, 6, 7, 7, 7, 7, 7, 8, 8, 8, 9, 9, 9
v =  4, 7, 8, 3, 8, 9, 1, 4, 5, 6, 7, 0, 3, 5, 8, 3, 4, 6, 7, 9, 3, 5, 7, 0, 3, 5, 6, 9, 0, 1, 4, 2, 5, 7
e =  1024, 128, 512, 512, 512, 128, 512, 128, 1024, 128, 1024, 1024, 128, 128, 512, 1024, 128, 512, 128, 1024, 128, 512, 256, 128, 1024, 128, 256, 1024, 512, 512, 512, 128, 1024, 1024
x = 0,0,0,0,0,0,0,0,0,0
y = 0,0,0,0,0,0,0,0,0,0
