[general]
path = outputs/system/

[chiplets]
chiplet_count = 8
widths = 	30,	24,	22,	26,	15,	11,	17,	10
heights = 	24,	20,	25,	24,	15,	12,	14,	8
powers = 	90,	185,	148,	38,	130,	46,	63,	180
target_reward = 0
connections = 0,	128,	256,	0,	256,	0,	0,	0;
			128,	0,	256,	256,	128,	1024,	0,	0;
			256,	256,	0,	256,	0,	0,	512,	128;
			0,	256,	256,	0,	0,	128,	128,	1024;
			256,	128,	0,	0,	0,	1024,	0,	0;
			0,	1024,	0,	128,	1024,	0,	128,	512;
			0,	0,	512,	128,	0,	128,	0,	128;
			0,	0,	128,	1024,	0,	512,	128,	0
u =  0, 0, 0, 1, 1, 1, 1, 1, 2, 2, 2, 2, 2, 3, 3, 3, 3, 3, 4, 4, 4, 5, 5, 5, 5, 5, 6, 6, 6, 6, 7, 7, 7, 7
v =  1, 2, 4, 0, 2, 3, 4, 5, 0, 1, 3, 6, 7, 1, 2, 5, 6, 7, 0, 1, 5, 1, 3, 4, 6, 7, 2, 3, 5, 7, 2, 3, 5, 6
e =  128, 256, 256, 128, 256, 256, 128, 1024, 256, 256, 256, 512, 128, 256, 256, 128, 128, 1024, 256, 128, 1024, 1024, 128, 1024, 128, 512, 512, 128, 128, 128, 128, 1024, 512, 128
x = 0,0,0,0,0,0,0,0
y = 0,0,0,0,0,0,0,0
