[general]
path = outputs/system/

[chiplets]
chiplet_count = 7
widths = 	18,	24,	17,	14,	14,	24,	14
heights = 	20,	23,	16,	16,	12,	28,	12
powers = 	9,	178,	81,	111,	185,	191,	193
target_reward = 0
connections = 0,	1024,	512,	0,	1024,	128,	512;
			1024,	0,	512,	1024,	512,	0,	1024;
			512,	512,	0,	128,	0,	0,	1024;
			0,	1024,	128,	0,	256,	512,	256;
			1024,	512,	0,	256,	0,	0,	0;
			128,	0,	0,	512,	0,	0,	0;
			512,	1024,	1024,	256,	0,	0,	0
u =  0, 0, 0, 0, 0, 1, 1, 1, 1, 1, 2, 2, 2, 2, 3, 3, 3, 3, 3, 4, 4, 4, 5, 5, 6, 6, 6, 6
v =  1, 2, 4, 5, 6, 0, 2, 3, 4, 6, 0, 1, 3, 6, 1, 2, 4, 5, 6, 0, 1, 3, 0, 3, 0, 1, 2, 3
e =  1024, 512, 1024, 128, 512, 1024, 512, 1024, 512, 1024, 512, 512, 128, 1024, 1024, 128, 256, 512, 256, 1024, 512, 256, 128, 512, 512, 1024, 1024, 256
x = 0,0,0,0,0,0,0
y = 0,0,0,0,0,0,0
