[general]
path = outputs/system/

[chiplets]
chiplet_count = 8
widths = 	20,	25,	15,	20,	24,	29,	18,	28
heights = 	17,	22,	13,	18,	21,	30,	21,	29
powers = 	110,	165,	150,	122,	147,	119,	121,	6
target_reward = 0
connections = 0,	0,	128,	0,	0,	0,	0,	256;
			0,	0,	0,	512,	0,	1024,	0,	256;
			128,	0,	0,	0,	0,	0,	0,	512;
			0,	512,	0,	0,	0,	0,	0,	0;
			0,	0,	0,	0,	0,	128,	256,	512;
			0,	1024,	0,	0,	128,	0,	1024,	256;
			0,	0,	0,	0,	256,	1024,	0,	256;
			256,	256,	512,	0,	512,	256,	256,	0
u =  0, 0, 1, 1, 1, 2, 2, 3, 4, 4, 4, 5, 5, 5, 5, 6, 6, 6, 7, 7, 7, 7, 7, 7
v =  2, 7, 3, 5, 7, 0, 7, 1, 5, 6, 7, 1, 4, 6, 7, 4, 5, 7, 0, 1, 2, 4, 5, 6
e =  128, 256, 512, 1024, 256, 128, 512, 512, 128, 256, 512, 1024, 128, 1024, 256, 256, 1024, 256, 256, 256, 512, 512, 256, 256
x = 0,0,0,0,0,0,0,0
y = 0,0,0,0,0,0,0,0
