[general]
path = outputs/system/

[chiplets]
chiplet_count = 7
widths = 	22,	10,	25,	12,	26,	25,	25
heights = 	26,	10,	23,	13,	21,	22,	22
powers = 	1,	148,	179,	104,	100,	7,	84
target_reward = 0
connections = 0,	0,	0,	0,	512,	512,	128;
			0,	0,	0,	512,	128,	512,	128;
			0,	0,	0,	512,	128,	0,	0;
			0,	512,	512,	0,	256,	128,	512;
			512,	128,	128,	256,	0,	128,	0;
			512,	512,	0,	128,	128,	0,	512;
			128,	128,	0,	512,	0,	512,	0
u =  0, 0, 0, 1, 1, 1, 1, 2, 2, 3, 3, 3, 3, 3, 4, 4, 4, 4, 4, 5, 5, 5, 5, 5, 6, 6, 6, 6
v =  4, 5, 6, 3, 4, 5, 6, 3, 4, 1, 2, 4, 5, 6, 0, 1, 2, 3, 5, 0, 1, 3, 4, 6, 0, 1, 3, 5
e =  512, 512, 128, 512, 128, 512, 128, 512, 128, 512, 512, 256, 128, 512, 512, 128, 128, 256, 128, 512, 512, 128, 128, 512, 128, 128, 512, 512
x = 0,0,0,0,0,0,0
y = 0,0,0,0,0,0,0
