[general]
path = outputs/system/

[chiplets]
chiplet_count = 8
widths = 	13,	17,	5,	12,	13,	8,	5,	24
heights = 	12,	17,	5,	15,	13,	7,	6,	28
powers = 	150,	165,	158,	78,	186,	114,	168,	193
target_reward = 0
connections = 0,	256,	512,	1024,	256,	0,	0,	0;
			256,	0,	1024,	0,	1024,	256,	0,	0;
			512,	1024,	0,	128,	1024,	0,	128,	0;
			1024,	0,	128,	0,	1024,	1024,	0,	128;
			256,	1024,	1024,	1024,	0,	0,	0,	0;
			0,	256,	0,	1024,	0,	0,	0,	256;
			0,	0,	128,	0,	0,	0,	0,	0;
			0,	0,	0,	128,	0,	256,	0,	0
u =  0, 0, 0, 0, 1, 1, 1, 1, 2, 2, 2, 2, 2, 3, 3, 3, 3, 3, 4, 4, 4, 4, 5, 5, 5, 6, 7, 7
v =  1, 2, 3, 4, 0, 2, 4, 5, 0, 1, 3, 4, 6, 0, 2, 4, 5, 7, 0, 1, 2, 3, 1, 3, 7, 2, 3, 5
e =  256, 512, 1024, 256, 256, 1024, 1024, 256, 512, 1024, 128, 1024, 128, 1024, 128, 1024, 1024, 128, 256, 1024, 1024, 1024, 256, 1024, 256, 128, 128, 256
x = 0,0,0,0,0,0,0,0
y = 0,0,0,0,0,0,0,0
