[general]
path = outputs/system/

[chiplets]
chiplet_count = 10
widths = 	6,	29,	14,	18,	28,	25,	17,	13,	26,	28
heights = 	5,	24,	13,	15,	28,	30,	16,	11,	28,	28
powers = 	8,	126,	115,	87,	170,	76,	188,	186,	166,	126
target_reward = 0
connections = 0,	0,	0,	0,	1024,	128,	0,	0,	0,	0;
			0,	0,	128,	0,	256,	1024,	512,	128,	0,	0;
			0,	128,	0,	0,	0,	0,	512,	0,	512,	1024;
			0,	0,	0,	0,	0,	128,	512,	0,	0,	0;
			1024,	256,	0,	0,	0,	0,	256,	0,	512,	0;
			128,	1024,	0,	128,	0,	0,	128,	256,	0,	0;
			0,	512,	512,	512,	256,	128,	0,	128,	1024,	0;
			0,	128,	0,	0,	0,	256,	128,	0,	256,	0;
			0,	0,	512,	0,	512,	0,	1024,	256,	0,	0;
			0,	0,	1024,	0,	0,	0,	0,	0,	0,	0
u =  0, 0, 1, 1, 1, 1, 1, 2, 2, 2, 2, 3, 3, 4, 4, 4, 4, 5, 5, 5, 5, 5, 6, 6, 6, 6, 6, 6, 6, 7, 7, 7, 7, 8, 8, 8, 8, 9
v =  4, 5, 2, 4, 5, 6, 7, 1, 6, 8, 9, 5, 6, 0, 1, 6, 8, 0, 1, 3, 6, 7, 1, 2, 3, 4, 5, 7, 8, 1, 5, 6, 8, 2, 4, 6, 7, 2
e =  1024, 128, 128, 256, 1024, 512, 128, 128, 512, 512, 1024, 128, 512, 1024, 256, 256, 512, 128, 1024, 128, 128, 256, 512, 512, 512, 256, 128, 128, 1024, 128, 256, 128, 256, 512, 512, 1024, 256, 1024
x = 0,0,0,0,0,0,0,0,0,0
y = 0,0,0,0,0,0,0,0,0,0
