[general]
path = outputs/system/

[chiplets]
chiplet_count = 11
widths = 	22,	19,	16,	24,	25,	24,	8,	24,	21,	10,	20
heights = 	24,	19,	15,	22,	28,	28,	10,	29,	19,	11,	22
powers = 	58,	120,	45,	114,	57,	162,	189,	130,	37,	45,	47
target_reward = 0
connections = 0,	256,	512,	0,	0,	0,	0,	0,	0,	256,	0;
			256,	0,	512,	0,	0,	1024,	0,	0,	0,	512,	0;
			512,	512,	0,	128,	0,	0,	0,	0,	0,	0,	256;
			0,	0,	128,	0,	1024,	0,	0,	0,	0,	0,	0;
			0,	0,	0,	1024,	0,	0,	0,	0,	256,	0,	0;
			0,	1024,	0,	0,	0,	0,	128,	128,	0,	0,	0;
			0,	0,	0,	0,	0,	128,	0,	512,	256,	0,	1024;
			0,	0,	0,	0,	0,	128,	512,	0,	0,	0,	0;
			0,	0,	0,	0,	256,	0,	256,	0,	0,	1024,	128;
			256,	512,	0,	0,	0,	0,	0,	0,	1024,	0,	512;
			0,	0,	256,	0,	0,	0,	1024,	0,	128,	512,	0
u =  0, 0, 0, 1, 1, 1, 1, 2, 2, 2, 2, 3, 3, 4, 4, 5, 5, 5, 6, 6, 6, 6, 7, 7, 8, 8, 8, 8, 9, 9, 9, 9, 10, 10, 10, 10
v =  1, 2, 9, 0, 2, 5, 9, 0, 1, 3, 10, 2, 4, 3, 8, 1, 6, 7, 5, 7, 8, 10, 5, 6, 4, 6, 9, 10, 0, 1, 8, 10, 2, 6, 8, 9
e =  256, 512, 256, 256, 512, 1024, 512, 512, 512, 128, 256, 128, 1024, 1024, 256, 1024, 128, 128, 128, 512, 256, 1024, 128, 512, 256, 256, 1024, 128, 256, 512, 1024, 512, 256, 1024, 128, 512
x = 0,0,0,0,0,0,0,0,0,0,0
y = 0,0,0,0,0,0,0,0,0,0,0
