[general]
path = outputs/system/

[chiplets]
chiplet_count = 9
widths = 	13,	27,	25,	30,	26,	20,	16,	16,	28
heights = 	13,	29,	24,	27,	22,	25,	20,	14,	24
powers = 	183,	72,	101,	136,	88,	122,	199,	62,	20
target_reward = 0
connections = 0,	1024,	1024,	0,	0,	512,	128,	0,	0;
			1024,	0,	512,	128,	0,	0,	128,	256,	256;
			1024,	512,	0,	1024,	0,	0,	0,	1024,	256;
			0,	128,	1024,	0,	0,	0,	512,	0,	0;
			0,	0,	0,	0,	0,	0,	0,	0,	256;
			512,	0,	0,	0,	0,	0,	0,	0,	512;
			128,	128,	0,	512,	0,	0,	0,	0,	0;
			0,	256,	1024,	0,	0,	0,	0,	0,	0;
			0,	256,	256,	0,	256,	512,	0,	0,	0
u =  0, 0, 0, 0, 1, 1, 1, 1, 1, 1, 2, 2, 2, 2, 2, 3, 3, 3, 4, 5, 5, 6, 6, 6, 7, 7, 8, 8, 8, 8
v =  1, 2, 5, 6, 0, 2, 3, 6, 7, 8, 0, 1, 3, 7, 8, 1, 2, 6, 8, 0, 8, 0, 1, 3, 1, 2, 1, 2, 4, 5
e =  1024, 1024, 512, 128, 1024, 512, 128, 128, 256, 256, 1024, 512, 1024, 1024, 256, 128, 1024, 512, 256, 512, 512, 128, 128, 512, 256, 1024, 256, 256, 256, 512
x = 0,0,0,0,0,0,0,0,0
y = 0,0,0,0,0,0,0,0,0
