[general]
path = outputs/system/

[chiplets]
chiplet_count = 9
widths = 	27,	22,	15,	7,	18,	23,	14,	26,	9
heights = 	22,	19,	14,	8,	17,	26,	16,	22,	10
powers = 	109,	176,	132,	178,	54,	34,	25,	89,	92
target_reward = 0
connections = 0,	512,	256,	0,	256,	128,	0,	0,	0;
			512,	0,	512,	512,	128,	0,	0,	0,	512;
			256,	512,	0,	256,	0,	0,	1024,	512,	0;
			0,	512,	256,	0,	512,	0,	0,	0,	0;
			256,	128,	0,	512,	0,	128,	128,	0,	0;
			128,	0,	0,	0,	128,	0,	256,	512,	0;
			0,	0,	1024,	0,	128,	256,	0,	0,	0;
			0,	0,	512,	0,	0,	512,	0,	0,	0;
			0,	512,	0,	0,	0,	0,	0,	0,	0
u =  0, 0, 0, 0, 1, 1, 1, 1, 1, 2, 2, 2, 2, 2, 3, 3, 3, 4, 4, 4, 4, 4, 5, 5, 5, 5, 6, 6, 6, 7, 7, 8
v =  1, 2, 4, 5, 0, 2, 3, 4, 8, 0, 1, 3, 6, 7, 1, 2, 4, 0, 1, 3, 5, 6, 0, 4, 6, 7, 2, 4, 5, 2, 5, 1
e =  512, 256, 256, 128, 512, 512, 512, 128, 512, 256, 512, 256, 1024, 512, 512, 256, 512, 256, 128, 512, 128, 128, 128, 128, 256, 512, 1024, 128, 256, 512, 512, 512
x = 0,0,0,0,0,0,0,0,0
y = 0,0,0,0,0,0,0,0,0
