[general]
path = outputs/system/

[chiplets]
chiplet_count = 7
widths = 	18,	14,	30,	22,	21,	26,	29
heights = 	21,	14,	25,	19,	19,	25,	28
powers = 	34,	150,	159,	71,	75,	93,	2
target_reward = 0
connections = 0,	0,	512,	0,	0,	0,	0;
			0,	0,	0,	0,	512,	256,	0;
			512,	0,	0,	1024,	256,	128,	512;
			0,	0,	1024,	0,	128,	1024,	0;
			0,	512,	256,	128,	0,	256,	1024;
			0,	256,	128,	1024,	256,	0,	256;
			0,	0,	512,	0,	1024,	256,	0
u =  0, 1, 1, 2, 2, 2, 2, 2, 3, 3, 3, 4, 4, 4, 4, 4, 5, 5, 5, 5, 5, 6, 6, 6
v =  2, 4, 5, 0, 3, 4, 5, 6, 2, 4, 5, 1, 2, 3, 5, 6, 1, 2, 3, 4, 6, 2, 4, 5
e =  512, 512, 256, 512, 1024, 256, 128, 512, 1024, 128, 1024, 512, 256, 128, 256, 1024, 256, 128, 1024, 256, 256, 512, 1024, 256
x = 0,0,0,0,0,0,0
y = 0,0,0,0,0,0,0
