[general]
path = outputs/system/

[chiplets]
chiplet_count = 9
widths = 	30,	28,	23,	22,	23,	19,	26,	8,	13
heights = 	28,	23,	26,	18,	19,	19,	28,	7,	11
powers = 	158,	9,	118,	90,	29,	47,	101,	57,	115
target_reward = 0
connections = 0,	0,	0,	0,	256,	0,	512,	0,	0;
			0,	0,	512,	512,	256,	0,	0,	512,	0;
			0,	512,	0,	128,	512,	512,	128,	0,	0;
			0,	512,	128,	0,	0,	0,	0,	0,	0;
			256,	256,	512,	0,	0,	512,	1024,	0,	0;
			0,	0,	512,	0,	512,	0,	0,	128,	0;
			512,	0,	128,	0,	1024,	0,	0,	128,	128;
			0,	512,	0,	0,	0,	128,	128,	0,	512;
			0,	0,	0,	0,	0,	0,	128,	512,	0
u =  0, 0, 1, 1, 1, 1, 2, 2, 2, 2, 2, 3, 3, 4, 4, 4, 4, 4, 5, 5, 5, 6, 6, 6, 6, 6, 7, 7, 7, 7, 8, 8
v =  4, 6, 2, 3, 4, 7, 1, 3, 4, 5, 6, 1, 2, 0, 1, 2, 5, 6, 2, 4, 7, 0, 2, 4, 7, 8, 1, 5, 6, 8, 6, 7
e =  256, 512, 512, 512, 256, 512, 512, 128, 512, 512, 128, 512, 128, 256, 256, 512, 512, 1024, 512, 512, 128, 512, 128, 1024, 128, 128, 512, 128, 128, 512, 128, 512
x = 0,0,0,0,0,0,0,0,0
y = 0,0,0,0,0,0,0,0,0
