[general]
path = outputs/system/

[chiplets]
chiplet_count = 8
widths = 	22,	14,	14,	25,	9,	19,	12,	28
heights = 	19,	13,	17,	26,	9,	17,	11,	24
powers = 	111,	85,	133,	14,	81,	130,	21,	58
target_reward = 0
connections = 0,	0,	0,	0,	0,	0,	0,	1024;
			0,	0,	512,	128,	128,	1024,	0,	128;
			0,	512,	0,	0,	0,	128,	512,	0;
			0,	128,	0,	0,	0,	256,	0,	0;
			0,	128,	0,	0,	0,	1024,	512,	1024;
			0,	1024,	128,	256,	1024,	0,	128,	512;
			0,	0,	512,	0,	512,	128,	0,	256;
			1024,	128,	0,	0,	1024,	512,	256,	0
u =  0, 1, 1, 1, 1, 1, 2, 2, 2, 3, 3, 4, 4, 4, 4, 5, 5, 5, 5, 5, 5, 6, 6, 6, 6, 7, 7, 7, 7, 7
v =  7, 2, 3, 4, 5, 7, 1, 5, 6, 1, 5, 1, 5, 6, 7, 1, 2, 3, 4, 6, 7, 2, 4, 5, 7, 0, 1, 4, 5, 6
e =  1024, 512, 128, 128, 1024, 128, 512, 128, 512, 128, 256, 128, 1024, 512, 1024, 1024, 128, 256, 1024, 128, 512, 512, 512, 128, 256, 1024, 128, 1024, 512, 256
x = 0,0,0,0,0,0,0,0
y = 0,0,0,0,0,0,0,0
