[general]
path = outputs/system/

[chiplets]
chiplet_count = 8
widths = 	20,	27,	10,	29,	8,	26,	27,	21
heights = 	17,	26,	11,	25,	7,	22,	26,	23
powers = 	172,	2,	18,	8,	142,	198,	69,	67
target_reward = 0
connections = 0,	0,	512,	0,	0,	0,	0,	0;
			0,	0,	128,	0,	0,	128,	0,	0;
			512,	128,	0,	0,	128,	0,	0,	0;
			0,	0,	0,	0,	0,	1024,	0,	512;
			0,	0,	128,	0,	0,	512,	128,	128;
			0,	128,	0,	1024,	512,	0,	128,	128;
			0,	0,	0,	0,	128,	128,	0,	512;
			0,	0,	0,	512,	128,	128,	512,	0
u =  0, 1, 1, 2, 2, 2, 3, 3, 4, 4, 4, 4, 5, 5, 5, 5, 5, 6, 6, 6, 7, 7, 7, 7
v =  2, 2, 5, 0, 1, 4, 5, 7, 2, 5, 6, 7, 1, 3, 4, 6, 7, 4, 5, 7, 3, 4, 5, 6
e =  512, 128, 128, 512, 128, 128, 1024, 512, 128, 512, 128, 128, 128, 1024, 512, 128, 128, 128, 128, 512, 512, 128, 128, 512
x = 0,0,0,0,0,0,0,0
y = 0,0,0,0,0,0,0,0
