[general]
path = outputs/system/

[chiplets]
chiplet_count = 9
widths = 	13,	9,	11,	22,	24,	23,	24,	23,	24
heights = 	16,	11,	11,	20,	30,	21,	23,	28,	28
powers = 	135,	81,	180,	21,	70,	35,	24,	13,	164
target_reward = 0
connections = 0,	0,	0,	0,	0,	0,	0,	0,	256;
			0,	0,	0,	0,	256,	128,	0,	0,	0;
			0,	0,	0,	0,	0,	128,	0,	128,	1024;
			0,	0,	0,	0,	0,	128,	0,	0,	0;
			0,	256,	0,	0,	0,	0,	512,	0,	0;
			0,	128,	128,	128,	0,	0,	1024,	512,	0;
			0,	0,	0,	0,	512,	1024,	0,	128,	256;
			0,	0,	128,	0,	0,	512,	128,	0,	512;
			256,	0,	1024,	0,	0,	0,	256,	512,	0
u =  0, 1, 1, 2, 2, 2, 3, 4, 4, 5, 5, 5, 5, 5, 6, 6, 6, 6, 7, 7, 7, 7, 8, 8, 8, 8
v =  8, 4, 5, 5, 7, 8, 5, 1, 6, 1, 2, 3, 6, 7, 4, 5, 7, 8, 2, 5, 6, 8, 0, 2, 6, 7
e =  256, 256, 128, 128, 128, 1024, 128, 256, 512, 128, 128, 128, 1024, 512, 512, 1024, 128, 256, 128, 512, 128, 512, 256, 1024, 256, 512
x = 0,0,0,0,0,0,0,0,0
y = 0,0,0,0,0,0,0,0,0
