[general]
path = outputs/system/

[chiplets]
chiplet_count = 8
widths = 	23,	17,	9,	20,	12,	21,	24,	20
heights = 	27,	15,	8,	23,	12,	24,	27,	21
powers = 	174,	25,	85,	97,	54,	75,	33,	74
target_reward = 0
connections = 0,	128,	256,	0,	512,	256,	0,	0;
			128,	0,	256,	256,	0,	0,	0,	512;
			256,	256,	0,	1024,	0,	0,	0,	0;
			0,	256,	1024,	0,	512,	0,	0,	256;
			512,	0,	0,	512,	0,	0,	0,	128;
			256,	0,	0,	0,	0,	0,	128,	128;
			0,	0,	0,	0,	0,	128,	0,	0;
			0,	512,	0,	256,	128,	128,	0,	0
u =  0, 0, 0, 0, 1, 1, 1, 1, 2, 2, 2, 3, 3, 3, 3, 4, 4, 4, 5, 5, 5, 6, 7, 7, 7, 7
v =  1, 2, 4, 5, 0, 2, 3, 7, 0, 1, 3, 1, 2, 4, 7, 0, 3, 7, 0, 6, 7, 5, 1, 3, 4, 5
e =  128, 256, 512, 256, 128, 256, 256, 512, 256, 256, 1024, 256, 1024, 512, 256, 512, 512, 128, 256, 128, 128, 128, 512, 256, 128, 128
x = 0,0,0,0,0,0,0,0
y = 0,0,0,0,0,0,0,0
