[general]
path = outputs/system/

[chiplets]
chiplet_count = 11
widths = 	22,	15,	13,	15,	29,	30,	28,	15,	21,	15,	19
heights = 	21,	15,	12,	12,	25,	25,	28,	15,	25,	13,	20
powers = 	187,	113,	35,	52,	78,	53,	173,	39,	25,	113,	43
target_reward = 0
connections = 0,	0,	0,	0,	0,	0,	0,	0,	0,	256,	512;
			0,	0,	1024,	128,	0,	0,	128,	0,	0,	0,	0;
			0,	1024,	0,	128,	0,	128,	0,	0,	0,	0,	0;
			0,	128,	128,	0,	128,	0,	1024,	0,	0,	0,	0;
			0,	0,	0,	128,	0,	1024,	512,	0,	128,	0,	0;
			0,	0,	128,	0,	1024,	0,	256,	0,	512,	1024,	256;
			0,	128,	0,	1024,	512,	256,	0,	0,	256,	0,	1024;
			0,	0,	0,	0,	0,	0,	0,	0,	512,	512,	0;
			0,	0,	0,	0,	128,	512,	256,	512,	0,	0,	0;
			256,	0,	0,	0,	0,	1024,	0,	512,	0,	0,	0;
			512,	0,	0,	0,	0,	256,	1024,	0,	0,	0,	0
u =  0, 0, 1, 1, 1, 2, 2, 2, 3, 3, 3, 3, 4, 4, 4, 4, 5, 5, 5, 5, 5, 5, 6, 6, 6, 6, 6, 6, 7, 7, 8, 8, 8, 8, 9, 9, 9, 10, 10, 10
v =  9, 10, 2, 3, 6, 1, 3, 5, 1, 2, 4, 6, 3, 5, 6, 8, 2, 4, 6, 8, 9, 10, 1, 3, 4, 5, 8, 10, 8, 9, 4, 5, 6, 7, 0, 5, 7, 0, 5, 6
e =  256, 512, 1024, 128, 128, 1024, 128, 128, 128, 128, 128, 1024, 128, 1024, 512, 128, 128, 1024, 256, 512, 1024, 256, 128, 1024, 512, 256, 256, 1024, 512, 512, 128, 512, 256, 512, 256, 1024, 512, 512, 256, 1024
x = 0,0,0,0,0,0,0,0,0,0,0
y = 0,0,0,0,0,0,0,0,0,0,0
