[general]
path = outputs/system/

[chiplets]
chiplet_count = 7
widths = 	19,	29,	30,	8,	24,	25,	14
heights = 	23,	28,	25,	10,	29,	24,	17
powers = 	113,	37,	38,	106,	98,	103,	188
target_reward = 0
connections = 0,	128,	512,	1024,	0,	1024,	256;
			128,	0,	256,	256,	512,	1024,	512;
			512,	256,	0,	128,	0,	128,	256;
			1024,	256,	128,	0,	0,	1024,	256;
			0,	512,	0,	0,	0,	128,	1024;
			1024,	1024,	128,	1024,	128,	0,	128;
			256,	512,	256,	256,	1024,	128,	0
u =  0, 0, 0, 0, 0, 1, 1, 1, 1, 1, 1, 2, 2, 2, 2, 2, 3, 3, 3, 3, 3, 4, 4, 4, 5, 5, 5, 5, 5, 5, 6, 6, 6, 6, 6, 6
v =  1, 2, 3, 5, 6, 0, 2, 3, 4, 5, 6, 0, 1, 3, 5, 6, 0, 1, 2, 5, 6, 1, 5, 6, 0, 1, 2, 3, 4, 6, 0, 1, 2, 3, 4, 5
e =  128, 512, 1024, 1024, 256, 128, 256, 256, 512, 1024, 512, 512, 256, 128, 128, 256, 1024, 256, 128, 1024, 256, 512, 128, 1024, 1024, 1024, 128, 1024, 128, 128, 256, 512, 256, 256, 1024, 128
x = 0,0,0,0,0,0,0
y = 0,0,0,0,0,0,0
