[general]
path = outputs/system/

[chiplets]
chiplet_count = 10
widths = 	27,	17,	16,	11,	23,	14,	30,	9,	20,	10
heights = 	22,	16,	16,	12,	19,	14,	28,	11,	25,	11
powers = 	195,	40,	109,	157,	172,	117,	114,	49,	32,	172
target_reward = 0
connections = 0,	256,	256,	0,	0,	0,	256,	128,	0,	0;
			256,	0,	1024,	1024,	512,	256,	0,	0,	0,	0;
			256,	1024,	0,	0,	0,	0,	256,	0,	256,	0;
			0,	1024,	0,	0,	0,	0,	0,	128,	0,	0;
			0,	512,	0,	0,	0,	512,	128,	0,	512,	256;
			0,	256,	0,	0,	512,	0,	512,	0,	0,	0;
			256,	0,	256,	0,	128,	512,	0,	512,	0,	0;
			128,	0,	0,	128,	0,	0,	512,	0,	1024,	512;
			0,	0,	256,	0,	512,	0,	0,	1024,	0,	512;
			0,	0,	0,	0,	256,	0,	0,	512,	512,	0
u =  0, 0, 0, 0, 1, 1, 1, 1, 1, 2, 2, 2, 2, 3, 3, 4, 4, 4, 4, 4, 5, 5, 5, 6, 6, 6, 6, 6, 7, 7, 7, 7, 7, 8, 8, 8, 8, 9, 9, 9
v =  1, 2, 6, 7, 0, 2, 3, 4, 5, 0, 1, 6, 8, 1, 7, 1, 5, 6, 8, 9, 1, 4, 6, 0, 2, 4, 5, 7, 0, 3, 6, 8, 9, 2, 4, 7, 9, 4, 7, 8
e =  256, 256, 256, 128, 256, 1024, 1024, 512, 256, 256, 1024, 256, 256, 1024, 128, 512, 512, 128, 512, 256, 256, 512, 512, 256, 256, 128, 512, 512, 128, 128, 512, 1024, 512, 256, 512, 1024, 512, 256, 512, 512
x = 0,0,0,0,0,0,0,0,0,0
y = 0,0,0,0,0,0,0,0,0,0
