[general]
path = outputs/system/

[chiplets]
chiplet_count = 7
widths = 	21,	21,	27,	26,	29,	26,	27
heights = 	24,	18,	28,	30,	26,	23,	27
powers = 	154,	128,	79,	129,	148,	187,	179
target_reward = 0
connections = 0,	512,	512,	512,	512,	128,	0;
			512,	0,	128,	0,	128,	0,	0;
			512,	128,	0,	128,	0,	256,	256;
			512,	0,	128,	0,	0,	0,	0;
			512,	128,	0,	0,	0,	128,	256;
			128,	0,	256,	0,	128,	0,	1024;
			0,	0,	256,	0,	256,	1024,	0
u =  0, 0, 0, 0, 0, 1, 1, 1, 2, 2, 2, 2, 2, 3, 3, 4, 4, 4, 4, 5, 5, 5, 5, 6, 6, 6
v =  1, 2, 3, 4, 5, 0, 2, 4, 0, 1, 3, 5, 6, 0, 2, 0, 1, 5, 6, 0, 2, 4, 6, 2, 4, 5
e =  512, 512, 512, 512, 128, 512, 128, 128, 512, 128, 128, 256, 256, 512, 128, 512, 128, 128, 256, 128, 256, 128, 1024, 256, 256, 1024
x = 0,0,0,0,0,0,0
y = 0,0,0,0,0,0,0
