[general]
path = outputs/system/

[chiplets]
chiplet_count = 9
widths = 	6,	29,	30,	13,	11,	12,	12,	26,	18
heights = 	7,	30,	25,	13,	10,	10,	11,	22,	18
powers = 	25,	97,	3,	127,	51,	143,	62,	30,	32
target_reward = 0
connections = 0,	1024,	1024,	0,	0,	128,	0,	0,	512;
			1024,	0,	256,	512,	0,	0,	0,	128,	256;
			1024,	256,	0,	512,	0,	128,	0,	0,	0;
			0,	512,	512,	0,	0,	1024,	256,	1024,	0;
			0,	0,	0,	0,	0,	0,	0,	512,	128;
			128,	0,	128,	1024,	0,	0,	0,	0,	0;
			0,	0,	0,	256,	0,	0,	0,	512,	256;
			0,	128,	0,	1024,	512,	0,	512,	0,	256;
			512,	256,	0,	0,	128,	0,	256,	256,	0
u =  0, 0, 0, 0, 1, 1, 1, 1, 1, 2, 2, 2, 2, 3, 3, 3, 3, 3, 4, 4, 5, 5, 5, 6, 6, 6, 7, 7, 7, 7, 7, 8, 8, 8, 8, 8
v =  1, 2, 5, 8, 0, 2, 3, 7, 8, 0, 1, 3, 5, 1, 2, 5, 6, 7, 7, 8, 0, 2, 3, 3, 7, 8, 1, 3, 4, 6, 8, 0, 1, 4, 6, 7
e =  1024, 1024, 128, 512, 1024, 256, 512, 128, 256, 1024, 256, 512, 128, 512, 512, 1024, 256, 1024, 512, 128, 128, 128, 1024, 256, 512, 256, 128, 1024, 512, 512, 256, 512, 256, 128, 256, 256
x = 0,0,0,0,0,0,0,0,0
y = 0,0,0,0,0,0,0,0,0
