[general]
path = outputs/system/

[chiplets]
chiplet_count = 8
widths = 	14,	15,	13,	23,	18,	29,	30,	13
heights = 	14,	14,	16,	20,	22,	28,	28,	12
powers = 	165,	75,	183,	119,	171,	22,	160,	134
target_reward = 0
connections = 0,	0,	256,	0,	0,	0,	0,	256;
			0,	0,	0,	0,	256,	0,	128,	0;
			256,	0,	0,	128,	1024,	0,	0,	128;
			0,	0,	128,	0,	256,	0,	128,	0;
			0,	256,	1024,	256,	0,	128,	0,	512;
			0,	0,	0,	0,	128,	0,	128,	1024;
			0,	128,	0,	128,	0,	128,	0,	512;
			256,	0,	128,	0,	512,	1024,	512,	0
u =  0, 0, 1, 1, 2, 2, 2, 2, 3, 3, 3, 4, 4, 4, 4, 4, 5, 5, 5, 6, 6, 6, 6, 7, 7, 7, 7, 7
v =  2, 7, 4, 6, 0, 3, 4, 7, 2, 4, 6, 1, 2, 3, 5, 7, 4, 6, 7, 1, 3, 5, 7, 0, 2, 4, 5, 6
e =  256, 256, 256, 128, 256, 128, 1024, 128, 128, 256, 128, 256, 1024, 256, 128, 512, 128, 128, 1024, 128, 128, 128, 512, 256, 128, 512, 1024, 512
x = 0,0,0,0,0,0,0,0
y = 0,0,0,0,0,0,0,0
