[general]
path = outputs/system/

[chiplets]
chiplet_count = 10
widths = 	26,	17,	9,	13,	20,	25,	26,	26,	25,	19
heights = 	26,	20,	11,	11,	22,	28,	27,	23,	26,	18
powers = 	156,	56,	164,	32,	100,	12,	144,	181,	7,	36
target_reward = 0
connections = 0,	0,	512,	0,	0,	0,	0,	0,	256,	0;
			0,	0,	128,	512,	0,	0,	0,	0,	0,	128;
			512,	128,	0,	128,	0,	1024,	1024,	1024,	0,	0;
			0,	512,	128,	0,	0,	0,	256,	128,	0,	0;
			0,	0,	0,	0,	0,	0,	0,	0,	256,	0;
			0,	0,	1024,	0,	0,	0,	512,	0,	1024,	0;
			0,	0,	1024,	256,	0,	512,	0,	0,	256,	0;
			0,	0,	1024,	128,	0,	0,	0,	0,	1024,	1024;
			256,	0,	0,	0,	256,	1024,	256,	1024,	0,	256;
			0,	128,	0,	0,	0,	0,	0,	1024,	256,	0
u =  0, 0, 1, 1, 1, 2, 2, 2, 2, 2, 2, 3, 3, 3, 3, 4, 5, 5, 5, 6, 6, 6, 6, 7, 7, 7, 7, 8, 8, 8, 8, 8, 8, 9, 9, 9
v =  2, 8, 2, 3, 9, 0, 1, 3, 5, 6, 7, 1, 2, 6, 7, 8, 2, 6, 8, 2, 3, 5, 8, 2, 3, 8, 9, 0, 4, 5, 6, 7, 9, 1, 7, 8
e =  512, 256, 128, 512, 128, 512, 128, 128, 1024, 1024, 1024, 512, 128, 256, 128, 256, 1024, 512, 1024, 1024, 256, 512, 256, 1024, 128, 1024, 1024, 256, 256, 1024, 256, 1024, 256, 128, 1024, 256
x = 0,0,0,0,0,0,0,0,0,0
y = 0,0,0,0,0,0,0,0,0,0
