[general]
path = outputs/system/

[chiplets]
chiplet_count = 9
widths = 	13,	19,	9,	25,	28,	23,	27,	19,	21
heights = 	11,	18,	8,	22,	27,	28,	26,	21,	26
powers = 	72,	198,	175,	89,	18,	199,	178,	137,	143
target_reward = 0
connections = 0,	128,	256,	128,	0,	0,	0,	128,	128;
			128,	0,	1024,	0,	0,	0,	0,	256,	512;
			256,	1024,	0,	512,	0,	256,	1024,	0,	256;
			128,	0,	512,	0,	512,	1024,	0,	0,	256;
			0,	0,	0,	512,	0,	1024,	0,	0,	256;
			0,	0,	256,	1024,	1024,	0,	512,	0,	0;
			0,	0,	1024,	0,	0,	512,	0,	0,	128;
			128,	256,	0,	0,	0,	0,	0,	0,	0;
			128,	512,	256,	256,	256,	0,	128,	0,	0
u =  0, 0, 0, 0, 0, 1, 1, 1, 1, 2, 2, 2, 2, 2, 2, 3, 3, 3, 3, 3, 4, 4, 4, 5, 5, 5, 5, 6, 6, 6, 7, 7, 8, 8, 8, 8, 8, 8
v =  1, 2, 3, 7, 8, 0, 2, 7, 8, 0, 1, 3, 5, 6, 8, 0, 2, 4, 5, 8, 3, 5, 8, 2, 3, 4, 6, 2, 5, 8, 0, 1, 0, 1, 2, 3, 4, 6
e =  128, 256, 128, 128, 128, 128, 1024, 256, 512, 256, 1024, 512, 256, 1024, 256, 128, 512, 512, 1024, 256, 512, 1024, 256, 256, 1024, 1024, 512, 1024, 512, 128, 128, 256, 128, 512, 256, 256, 256, 128
x = 0,0,0,0,0,0,0,0,0
y = 0,0,0,0,0,0,0,0,0
