[general]
path = outputs/system/

[chiplets]
chiplet_count = 9
widths = 	29,	27,	16,	20,	24,	9,	12,	24,	21
heights = 	26,	30,	19,	24,	20,	8,	12,	28,	18
powers = 	106,	162,	77,	186,	129,	73,	186,	96,	8
target_reward = 0
connections = 0,	1024,	0,	128,	512,	0,	0,	0,	0;
			1024,	0,	256,	0,	1024,	0,	0,	1024,	0;
			0,	256,	0,	256,	1024,	256,	0,	0,	1024;
			128,	0,	256,	0,	1024,	0,	0,	256,	512;
			512,	1024,	1024,	1024,	0,	256,	128,	0,	0;
			0,	0,	256,	0,	256,	0,	256,	512,	0;
			0,	0,	0,	0,	128,	256,	0,	0,	0;
			0,	1024,	0,	256,	0,	512,	0,	0,	256;
			0,	0,	1024,	512,	0,	0,	0,	256,	0
u =  0, 0, 0, 1, 1, 1, 1, 2, 2, 2, 2, 2, 3, 3, 3, 3, 3, 4, 4, 4, 4, 4, 4, 5, 5, 5, 5, 6, 6, 7, 7, 7, 7, 8, 8, 8
v =  1, 3, 4, 0, 2, 4, 7, 1, 3, 4, 5, 8, 0, 2, 4, 7, 8, 0, 1, 2, 3, 5, 6, 2, 4, 6, 7, 4, 5, 1, 3, 5, 8, 2, 3, 7
e =  1024, 128, 512, 1024, 256, 1024, 1024, 256, 256, 1024, 256, 1024, 128, 256, 1024, 256, 512, 512, 1024, 1024, 1024, 256, 128, 256, 256, 256, 512, 128, 256, 1024, 256, 512, 256, 1024, 512, 256
x = 0,0,0,0,0,0,0,0,0
y = 0,0,0,0,0,0,0,0,0
