[general]
path = outputs/system/

[chiplets]
chiplet_count = 9
widths = 	26,	8,	8,	20,	8,	20,	16,	28,	28
heights = 	30,	8,	10,	16,	10,	17,	15,	26,	26
powers = 	151,	73,	114,	83,	172,	85,	157,	83,	11
target_reward = 0
connections = 0,	0,	0,	1024,	0,	0,	256,	128,	0;
			0,	0,	0,	0,	0,	0,	0,	128,	0;
			0,	0,	0,	0,	128,	0,	512,	0,	1024;
			1024,	0,	0,	0,	0,	0,	0,	256,	1024;
			0,	0,	128,	0,	0,	1024,	0,	128,	0;
			0,	0,	0,	0,	1024,	0,	512,	256,	0;
			256,	0,	512,	0,	0,	512,	0,	512,	512;
			128,	128,	0,	256,	128,	256,	512,	0,	128;
			0,	0,	1024,	1024,	0,	0,	512,	128,	0
u =  0, 0, 0, 1, 2, 2, 2, 3, 3, 3, 4, 4, 4, 5, 5, 5, 6, 6, 6, 6, 6, 7, 7, 7, 7, 7, 7, 7, 8, 8, 8, 8
v =  3, 6, 7, 7, 4, 6, 8, 0, 7, 8, 2, 5, 7, 4, 6, 7, 0, 2, 5, 7, 8, 0, 1, 3, 4, 5, 6, 8, 2, 3, 6, 7
e =  1024, 256, 128, 128, 128, 512, 1024, 1024, 256, 1024, 128, 1024, 128, 1024, 512, 256, 256, 512, 512, 512, 512, 128, 128, 256, 128, 256, 512, 128, 1024, 1024, 512, 128
x = 0,0,0,0,0,0,0,0,0
y = 0,0,0,0,0,0,0,0,0
