[general]
path = outputs/system/

[chiplets]
chiplet_count = 8
widths = 	27,	23,	27,	9,	18,	14,	14,	15
heights = 	24,	19,	22,	10,	21,	14,	16,	14
powers = 	74,	152,	18,	163,	108,	141,	191,	187
target_reward = 0
connections = 0,	0,	128,	512,	0,	0,	512,	0;
			0,	0,	0,	1024,	256,	512,	0,	0;
			128,	0,	0,	1024,	0,	256,	0,	0;
			512,	1024,	1024,	0,	512,	512,	512,	0;
			0,	256,	0,	512,	0,	1024,	0,	1024;
			0,	512,	256,	512,	1024,	0,	128,	128;
			512,	0,	0,	512,	0,	128,	0,	256;
			0,	0,	0,	0,	1024,	128,	256,	0
u =  0, 0, 0, 1, 1, 1, 2, 2, 2, 3, 3, 3, 3, 3, 3, 4, 4, 4, 4, 5, 5, 5, 5, 5, 5, 6, 6, 6, 6, 7, 7, 7
v =  2, 3, 6, 3, 4, 5, 0, 3, 5, 0, 1, 2, 4, 5, 6, 1, 3, 5, 7, 1, 2, 3, 4, 6, 7, 0, 3, 5, 7, 4, 5, 6
e =  128, 512, 512, 1024, 256, 512, 128, 1024, 256, 512, 1024, 1024, 512, 512, 512, 256, 512, 1024, 1024, 512, 256, 512, 1024, 128, 128, 512, 512, 128, 256, 1024, 128, 256
x = 0,0,0,0,0,0,0,0
y = 0,0,0,0,0,0,0,0
