[general]
path = outputs/system/

[chiplets]
chiplet_count = 8
widths = 	19,	30,	16,	18,	23,	14,	25,	16
heights = 	20,	25,	17,	22,	25,	17,	22,	15
powers = 	153,	118,	170,	136,	190,	95,	83,	5
target_reward = 0
connections = 0,	256,	0,	256,	256,	0,	128,	0;
			256,	0,	0,	0,	0,	256,	0,	1024;
			0,	0,	0,	256,	256,	0,	256,	128;
			256,	0,	256,	0,	128,	512,	1024,	128;
			256,	0,	256,	128,	0,	1024,	1024,	128;
			0,	256,	0,	512,	1024,	0,	0,	256;
			128,	0,	256,	1024,	1024,	0,	0,	0;
			0,	1024,	128,	128,	128,	256,	0,	0
u =  0, 0, 0, 0, 1, 1, 1, 2, 2, 2, 2, 3, 3, 3, 3, 3, 3, 4, 4, 4, 4, 4, 4, 5, 5, 5, 5, 6, 6, 6, 6, 7, 7, 7, 7, 7
v =  1, 3, 4, 6, 0, 5, 7, 3, 4, 6, 7, 0, 2, 4, 5, 6, 7, 0, 2, 3, 5, 6, 7, 1, 3, 4, 7, 0, 2, 3, 4, 1, 2, 3, 4, 5
e =  256, 256, 256, 128, 256, 256, 1024, 256, 256, 256, 128, 256, 256, 128, 512, 1024, 128, 256, 256, 128, 1024, 1024, 128, 256, 512, 1024, 256, 128, 256, 1024, 1024, 1024, 128, 128, 128, 256
x = 0,0,0,0,0,0,0,0
y = 0,0,0,0,0,0,0,0
