[general]
path = outputs/system/

[chiplets]
chiplet_count = 10
widths = 	30,	17,	15,	18,	5,	22,	30,	10,	24,	30
heights = 	28,	19,	17,	20,	4,	26,	24,	12,	20,	26
powers = 	92,	3,	92,	16,	193,	133,	161,	45,	119,	107
target_reward = 0
connections = 0,	128,	0,	0,	0,	512,	0,	128,	0,	0;
			128,	0,	1024,	0,	256,	0,	256,	0,	0,	128;
			0,	1024,	0,	128,	128,	0,	0,	0,	512,	0;
			0,	0,	128,	0,	1024,	256,	0,	128,	0,	0;
			0,	256,	128,	1024,	0,	256,	0,	0,	0,	0;
			512,	0,	0,	256,	256,	0,	0,	0,	0,	1024;
			0,	256,	0,	0,	0,	0,	0,	256,	0,	512;
			128,	0,	0,	128,	0,	0,	256,	0,	512,	0;
			0,	0,	512,	0,	0,	0,	0,	512,	0,	0;
			0,	128,	0,	0,	0,	1024,	512,	0,	0,	0
u =  0, 0, 0, 1, 1, 1, 1, 1, 2, 2, 2, 2, 3, 3, 3, 3, 4, 4, 4, 4, 5, 5, 5, 5, 6, 6, 6, 7, 7, 7, 7, 8, 8, 9, 9, 9
v =  1, 5, 7, 0, 2, 4, 6, 9, 1, 3, 4, 8, 2, 4, 5, 7, 1, 2, 3, 5, 0, 3, 4, 9, 1, 7, 9, 0, 3, 6, 8, 2, 7, 1, 5, 6
e =  128, 512, 128, 128, 1024, 256, 256, 128, 1024, 128, 128, 512, 128, 1024, 256, 128, 256, 128, 1024, 256, 512, 256, 256, 1024, 256, 256, 512, 128, 128, 256, 512, 512, 512, 128, 1024, 512
x = 0,0,0,0,0,0,0,0,0,0
y = 0,0,0,0,0,0,0,0,0,0
