[general]
path = outputs/system/

[chiplets]
chiplet_count = 7
widths = 	25,	20,	28,	19,	7,	12,	17
heights = 	26,	22,	25,	18,	6,	12,	15
powers = 	45,	165,	21,	179,	10,	86,	60
target_reward = 0
connections = 0,	1024,	0,	1024,	256,	256,	0;
			1024,	0,	512,	256,	0,	0,	0;
			0,	512,	0,	256,	512,	512,	128;
			1024,	256,	256,	0,	512,	0,	256;
			256,	0,	512,	512,	0,	0,	0;
			256,	0,	512,	0,	0,	0,	512;
			0,	0,	128,	256,	0,	512,	0
u =  0, 0, 0, 0, 1, 1, 1, 2, 2, 2, 2, 2, 3, 3, 3, 3, 3, 4, 4, 4, 5, 5, 5, 6, 6, 6
v =  1, 3, 4, 5, 0, 2, 3, 1, 3, 4, 5, 6, 0, 1, 2, 4, 6, 0, 2, 3, 0, 2, 6, 2, 3, 5
e =  1024, 1024, 256, 256, 1024, 512, 256, 512, 256, 512, 512, 128, 1024, 256, 256, 512, 256, 256, 512, 512, 256, 512, 512, 128, 256, 512
x = 0,0,0,0,0,0,0
y = 0,0,0,0,0,0,0
