[general]
path = outputs/system/

[chiplets]
chiplet_count = 10
widths = 	5,	29,	25,	25,	17,	15,	21,	29,	22,	17
heights = 	6,	25,	23,	27,	21,	17,	23,	29,	19,	15
powers = 	165,	16,	92,	151,	164,	51,	190,	92,	36,	24
target_reward = 0
connections = 0,	0,	512,	0,	0,	1024,	128,	0,	0,	128;
			0,	0,	128,	256,	0,	1024,	0,	0,	0,	512;
			512,	128,	0,	128,	0,	256,	0,	128,	0,	512;
			0,	256,	128,	0,	0,	0,	128,	0,	0,	0;
			0,	0,	0,	0,	0,	0,	0,	1024,	0,	512;
			1024,	1024,	256,	0,	0,	0,	0,	512,	0,	0;
			128,	0,	0,	128,	0,	0,	0,	0,	128,	512;
			0,	0,	128,	0,	1024,	512,	0,	0,	0,	0;
			0,	0,	0,	0,	0,	0,	128,	0,	0,	0;
			128,	512,	512,	0,	512,	0,	512,	0,	0,	0
u =  0, 0, 0, 0, 1, 1, 1, 1, 2, 2, 2, 2, 2, 2, 3, 3, 3, 4, 4, 5, 5, 5, 5, 6, 6, 6, 6, 7, 7, 7, 8, 9, 9, 9, 9, 9
v =  2, 5, 6, 9, 2, 3, 5, 9, 0, 1, 3, 5, 7, 9, 1, 2, 6, 7, 9, 0, 1, 2, 7, 0, 3, 8, 9, 2, 4, 5, 6, 0, 1, 2, 4, 6
e =  512, 1024, 128, 128, 128, 256, 1024, 512, 512, 128, 128, 256, 128, 512, 256, 128, 128, 1024, 512, 1024, 1024, 256, 512, 128, 128, 128, 512, 128, 1024, 512, 128, 128, 512, 512, 512, 512
x = 0,0,0,0,0,0,0,0,0,0
y = 0,0,0,0,0,0,0,0,0,0
