[general]
path = outputs/system/

[chiplets]
chiplet_count = 10
widths = 	20,	20,	16,	7,	18,	18,	22,	15,	6,	28
heights = 	19,	19,	15,	7,	22,	16,	24,	17,	5,	24
powers = 	65,	180,	175,	145,	145,	137,	82,	13,	64,	168
target_reward = 0
connections = 0,	0,	0,	0,	0,	0,	0,	0,	0,	256;
			0,	0,	512,	0,	0,	0,	1024,	1024,	0,	0;
			0,	512,	0,	0,	256,	0,	0,	0,	0,	128;
			0,	0,	0,	0,	128,	0,	0,	0,	0,	512;
			0,	0,	256,	128,	0,	1024,	1024,	0,	0,	0;
			0,	0,	0,	0,	1024,	0,	256,	1024,	0,	256;
			0,	1024,	0,	0,	1024,	256,	0,	256,	0,	0;
			0,	1024,	0,	0,	0,	1024,	256,	0,	0,	128;
			0,	0,	0,	0,	0,	0,	0,	0,	0,	128;
			256,	0,	128,	512,	0,	256,	0,	128,	128,	0
u =  0, 1, 1, 1, 2, 2, 2, 3, 3, 4, 4, 4, 4, 5, 5, 5, 5, 6, 6, 6, 6, 7, 7, 7, 7, 8, 9, 9, 9, 9, 9, 9
v =  9, 2, 6, 7, 1, 4, 9, 4, 9, 2, 3, 5, 6, 4, 6, 7, 9, 1, 4, 5, 7, 1, 5, 6, 9, 9, 0, 2, 3, 5, 7, 8
e =  256, 512, 1024, 1024, 512, 256, 128, 128, 512, 256, 128, 1024, 1024, 1024, 256, 1024, 256, 1024, 1024, 256, 256, 1024, 1024, 256, 128, 128, 256, 128, 512, 256, 128, 128
x = 0,0,0,0,0,0,0,0,0,0
y = 0,0,0,0,0,0,0,0,0,0
