[general]
path = outputs/system/

[chiplets]
chiplet_count = 10
widths = 	27,	26,	25,	27,	26,	19,	21,	21,	17,	27
heights = 	24,	22,	22,	25,	21,	19,	20,	26,	15,	22
powers = 	38,	184,	64,	101,	175,	147,	95,	112,	198,	153
target_reward = 0
connections = 0,	0,	0,	0,	0,	0,	1024,	512,	0,	1024;
			0,	0,	0,	128,	0,	0,	512,	0,	0,	0;
			0,	0,	0,	0,	0,	0,	1024,	0,	0,	128;
			0,	128,	0,	0,	0,	256,	0,	0,	256,	1024;
			0,	0,	0,	0,	0,	512,	256,	512,	0,	128;
			0,	0,	0,	256,	512,	0,	128,	128,	128,	0;
			1024,	512,	1024,	0,	256,	128,	0,	256,	512,	0;
			512,	0,	0,	0,	512,	128,	256,	0,	0,	256;
			0,	0,	0,	256,	0,	128,	512,	0,	0,	0;
			1024,	0,	128,	1024,	128,	0,	0,	256,	0,	0
u =  0, 0, 0, 1, 1, 2, 2, 3, 3, 3, 3, 4, 4, 4, 4, 5, 5, 5, 5, 5, 6, 6, 6, 6, 6, 6, 6, 7, 7, 7, 7, 7, 8, 8, 8, 9, 9, 9, 9, 9
v =  6, 7, 9, 3, 6, 6, 9, 1, 5, 8, 9, 5, 6, 7, 9, 3, 4, 6, 7, 8, 0, 1, 2, 4, 5, 7, 8, 0, 4, 5, 6, 9, 3, 5, 6, 0, 2, 3, 4, 7
e =  1024, 512, 1024, 128, 512, 1024, 128, 128, 256, 256, 1024, 512, 256, 512, 128, 256, 512, 128, 128, 128, 1024, 512, 1024, 256, 128, 256, 512, 512, 512, 128, 256, 256, 256, 128, 512, 1024, 128, 1024, 128, 256
x = 0,0,0,0,0,0,0,0,0,0
y = 0,0,0,0,0,0,0,0,0,0
