[general]
path = outputs/system/

[chiplets]
chiplet_count = 10
widths = 	30,	15,	24,	22,	20,	10,	25,	19,	24,	21
heights = 	29,	12,	22,	25,	23,	11,	28,	22,	29,	18
powers = 	177,	16,	138,	30,	169,	144,	168,	56,	57,	71
target_reward = 0
connections = 0,	0,	128,	128,	0,	0,	0,	0,	512,	0;
			0,	0,	1024,	512,	0,	0,	0,	0,	512,	0;
			128,	1024,	0,	0,	256,	0,	1024,	0,	0,	0;
			128,	512,	0,	0,	1024,	0,	512,	0,	0,	0;
			0,	0,	256,	1024,	0,	256,	512,	128,	0,	0;
			0,	0,	0,	0,	256,	0,	256,	512,	1024,	0;
			0,	0,	1024,	512,	512,	256,	0,	256,	0,	256;
			0,	0,	0,	0,	128,	512,	256,	0,	0,	0;
			512,	512,	0,	0,	0,	1024,	0,	0,	0,	1024;
			0,	0,	0,	0,	0,	0,	256,	0,	1024,	0
u =  0, 0, 0, 1, 1, 1, 2, 2, 2, 2, 3, 3, 3, 3, 4, 4, 4, 4, 4, 5, 5, 5, 5, 6, 6, 6, 6, 6, 6, 7, 7, 7, 8, 8, 8, 8, 9, 9
v =  2, 3, 8, 2, 3, 8, 0, 1, 4, 6, 0, 1, 4, 6, 2, 3, 5, 6, 7, 4, 6, 7, 8, 2, 3, 4, 5, 7, 9, 4, 5, 6, 0, 1, 5, 9, 6, 8
e =  128, 128, 512, 1024, 512, 512, 128, 1024, 256, 1024, 128, 512, 1024, 512, 256, 1024, 256, 512, 128, 256, 256, 512, 1024, 1024, 512, 512, 256, 256, 256, 128, 512, 256, 512, 512, 1024, 1024, 256, 1024
x = 0,0,0,0,0,0,0,0,0,0
y = 0,0,0,0,0,0,0,0,0,0
