[general]
path = outputs/system/

[chiplets]
chiplet_count = 9
widths = 	12,	14,	18,	17,	28,	17,	11,	17,	14
heights = 	13,	15,	21,	20,	30,	16,	9,	17,	13
powers = 	6,	64,	88,	108,	66,	100,	36,	12,	185
target_reward = 0
connections = 0,	0,	256,	0,	0,	512,	0,	0,	0;
			0,	0,	1024,	256,	0,	256,	128,	0,	256;
			256,	1024,	0,	128,	0,	1024,	0,	0,	128;
			0,	256,	128,	0,	0,	0,	1024,	0,	0;
			0,	0,	0,	0,	0,	0,	0,	0,	128;
			512,	256,	1024,	0,	0,	0,	0,	0,	0;
			0,	128,	0,	1024,	0,	0,	0,	512,	512;
			0,	0,	0,	0,	0,	0,	512,	0,	256;
			0,	256,	128,	0,	128,	0,	512,	256,	0
u =  0, 0, 1, 1, 1, 1, 1, 2, 2, 2, 2, 2, 3, 3, 3, 4, 5, 5, 5, 6, 6, 6, 6, 7, 7, 8, 8, 8, 8, 8
v =  2, 5, 2, 3, 5, 6, 8, 0, 1, 3, 5, 8, 1, 2, 6, 8, 0, 1, 2, 1, 3, 7, 8, 6, 8, 1, 2, 4, 6, 7
e =  256, 512, 1024, 256, 256, 128, 256, 256, 1024, 128, 1024, 128, 256, 128, 1024, 128, 512, 256, 1024, 128, 1024, 512, 512, 512, 256, 256, 128, 128, 512, 256
x = 0,0,0,0,0,0,0,0,0
y = 0,0,0,0,0,0,0,0,0
