[general]
path = outputs/system/

[chiplets]
chiplet_count = 8
widths = 	21,	27,	29,	10,	22,	18,	13,	25
heights = 	25,	24,	26,	11,	25,	18,	11,	23
powers = 	21,	95,	129,	111,	110,	26,	192,	198
target_reward = 0
connections = 0,	0,	0,	256,	256,	0,	512,	128;
			0,	0,	512,	0,	512,	0,	256,	0;
			0,	512,	0,	512,	128,	1024,	1024,	512;
			256,	0,	512,	0,	1024,	0,	128,	0;
			256,	512,	128,	1024,	0,	0,	0,	0;
			0,	0,	1024,	0,	0,	0,	0,	512;
			512,	256,	1024,	128,	0,	0,	0,	256;
			128,	0,	512,	0,	0,	512,	256,	0
u =  0, 0, 0, 0, 1, 1, 1, 2, 2, 2, 2, 2, 2, 3, 3, 3, 3, 4, 4, 4, 4, 5, 5, 6, 6, 6, 6, 6, 7, 7, 7, 7
v =  3, 4, 6, 7, 2, 4, 6, 1, 3, 4, 5, 6, 7, 0, 2, 4, 6, 0, 1, 2, 3, 2, 7, 0, 1, 2, 3, 7, 0, 2, 5, 6
e =  256, 256, 512, 128, 512, 512, 256, 512, 512, 128, 1024, 1024, 512, 256, 512, 1024, 128, 256, 512, 128, 1024, 1024, 512, 512, 256, 1024, 128, 256, 128, 512, 512, 256
x = 0,0,0,0,0,0,0,0
y = 0,0,0,0,0,0,0,0
