[general]
path = outputs/system/

[chiplets]
chiplet_count = 8
widths = 	18,	5,	27,	20,	9,	5,	27,	20
heights = 	16,	6,	24,	16,	9,	6,	27,	20
powers = 	176,	102,	187,	103,	58,	188,	102,	119
target_reward = 0
connections = 0,	0,	256,	512,	0,	0,	128,	256;
			0,	0,	0,	0,	0,	1024,	256,	0;
			256,	0,	0,	1024,	128,	0,	0,	0;
			512,	0,	1024,	0,	256,	0,	0,	0;
			0,	0,	128,	256,	0,	128,	512,	0;
			0,	1024,	0,	0,	128,	0,	1024,	0;
			128,	256,	0,	0,	512,	1024,	0,	256;
			256,	0,	0,	0,	0,	0,	256,	0
u =  0, 0, 0, 0, 1, 1, 2, 2, 2, 3, 3, 3, 4, 4, 4, 4, 5, 5, 5, 6, 6, 6, 6, 6, 7, 7
v =  2, 3, 6, 7, 5, 6, 0, 3, 4, 0, 2, 4, 2, 3, 5, 6, 1, 4, 6, 0, 1, 4, 5, 7, 0, 6
e =  256, 512, 128, 256, 1024, 256, 256, 1024, 128, 512, 1024, 256, 128, 256, 128, 512, 1024, 128, 1024, 128, 256, 512, 1024, 256, 256, 256
x = 0,0,0,0,0,0,0,0
y = 0,0,0,0,0,0,0,0
