[general]
path = outputs/system/

[chiplets]
chiplet_count = 10
widths = 	16,	24,	26,	21,	10,	27,	28,	20,	8,	28
heights = 	15,	27,	30,	18,	11,	23,	29,	24,	9,	29
powers = 	75,	177,	70,	197,	52,	177,	38,	17,	199,	188
target_reward = 0
connections = 0,	128,	0,	0,	0,	0,	512,	128,	0,	0;
			128,	0,	128,	256,	0,	1024,	128,	0,	256,	256;
			0,	128,	0,	1024,	128,	0,	512,	512,	128,	0;
			0,	256,	1024,	0,	256,	0,	0,	0,	0,	0;
			0,	0,	128,	256,	0,	0,	128,	256,	0,	0;
			0,	1024,	0,	0,	0,	0,	0,	0,	0,	128;
			512,	128,	512,	0,	128,	0,	0,	0,	0,	0;
			128,	0,	512,	0,	256,	0,	0,	0,	512,	0;
			0,	256,	128,	0,	0,	0,	0,	512,	0,	0;
			0,	256,	0,	0,	0,	128,	0,	0,	0,	0
u =  0, 0, 0, 1, 1, 1, 1, 1, 1, 1, 2, 2, 2, 2, 2, 2, 3, 3, 3, 4, 4, 4, 4, 5, 5, 6, 6, 6, 6, 7, 7, 7, 7, 8, 8, 8, 9, 9
v =  1, 6, 7, 0, 2, 3, 5, 6, 8, 9, 1, 3, 4, 6, 7, 8, 1, 2, 4, 2, 3, 6, 7, 1, 9, 0, 1, 2, 4, 0, 2, 4, 8, 1, 2, 7, 1, 5
e =  128, 512, 128, 128, 128, 256, 1024, 128, 256, 256, 128, 1024, 128, 512, 512, 128, 256, 1024, 256, 128, 256, 128, 256, 1024, 128, 512, 128, 512, 128, 128, 512, 256, 512, 256, 128, 512, 256, 128
x = 0,0,0,0,0,0,0,0,0,0
y = 0,0,0,0,0,0,0,0,0,0
