[general]
path = outputs/system/

[chiplets]
chiplet_count = 9
widths = 	28,	16,	15,	26,	23,	11,	24,	5,	26
heights = 	24,	20,	15,	26,	22,	13,	25,	6,	24
powers = 	47,	35,	146,	69,	185,	70,	69,	182,	18
target_reward = 0
connections = 0,	0,	0,	0,	128,	1024,	0,	256,	0;
			0,	0,	1024,	0,	0,	0,	256,	512,	1024;
			0,	1024,	0,	0,	512,	0,	0,	1024,	0;
			0,	0,	0,	0,	512,	0,	1024,	1024,	0;
			128,	0,	512,	512,	0,	0,	256,	0,	0;
			1024,	0,	0,	0,	0,	0,	256,	0,	0;
			0,	256,	0,	1024,	256,	256,	0,	0,	512;
			256,	512,	1024,	1024,	0,	0,	0,	0,	256;
			0,	1024,	0,	0,	0,	0,	512,	256,	0
u =  0, 0, 0, 1, 1, 1, 1, 2, 2, 2, 3, 3, 3, 4, 4, 4, 4, 5, 5, 6, 6, 6, 6, 6, 7, 7, 7, 7, 7, 8, 8, 8
v =  4, 5, 7, 2, 6, 7, 8, 1, 4, 7, 4, 6, 7, 0, 2, 3, 6, 0, 6, 1, 3, 4, 5, 8, 0, 1, 2, 3, 8, 1, 6, 7
e =  128, 1024, 256, 1024, 256, 512, 1024, 1024, 512, 1024, 512, 1024, 1024, 128, 512, 512, 256, 1024, 256, 256, 1024, 256, 256, 512, 256, 512, 1024, 1024, 256, 1024, 512, 256
x = 0,0,0,0,0,0,0,0,0
y = 0,0,0,0,0,0,0,0,0
