[general]
path = outputs/system/

[chiplets]
chiplet_count = 9
widths = 	28,	8,	25,	19,	24,	24,	24,	18,	15
heights = 	24,	10,	26,	17,	27,	22,	30,	15,	17
powers = 	42,	173,	68,	132,	107,	127,	30,	194,	64
target_reward = 0
connections = 0,	0,	1024,	256,	0,	0,	0,	0,	0;
			0,	0,	128,	0,	0,	0,	0,	0,	0;
			1024,	128,	0,	1024,	1024,	0,	1024,	128,	1024;
			256,	0,	1024,	0,	128,	128,	0,	512,	128;
			0,	0,	1024,	128,	0,	256,	0,	0,	512;
			0,	0,	0,	128,	256,	0,	1024,	512,	0;
			0,	0,	1024,	0,	0,	1024,	0,	512,	0;
			0,	0,	128,	512,	0,	512,	512,	0,	0;
			0,	0,	1024,	128,	512,	0,	0,	0,	0
u =  0, 0, 1, 2, 2, 2, 2, 2, 2, 2, 3, 3, 3, 3, 3, 3, 4, 4, 4, 4, 5, 5, 5, 5, 6, 6, 6, 7, 7, 7, 7, 8, 8, 8
v =  2, 3, 2, 0, 1, 3, 4, 6, 7, 8, 0, 2, 4, 5, 7, 8, 2, 3, 5, 8, 3, 4, 6, 7, 2, 5, 7, 2, 3, 5, 6, 2, 3, 4
e =  1024, 256, 128, 1024, 128, 1024, 1024, 1024, 128, 1024, 256, 1024, 128, 128, 512, 128, 1024, 128, 256, 512, 128, 256, 1024, 512, 1024, 1024, 512, 128, 512, 512, 512, 1024, 128, 512
x = 0,0,0,0,0,0,0,0,0
y = 0,0,0,0,0,0,0,0,0
