[general]
path = outputs/system/

[chiplets]
chiplet_count = 7
widths = 	25,	17,	11,	25,	18,	30,	24
heights = 	25,	19,	10,	30,	21,	25,	30
powers = 	116,	52,	45,	19,	5,	106,	198
target_reward = 0
connections = 0,	256,	256,	512,	256,	0,	0;
			256,	0,	1024,	512,	512,	0,	0;
			256,	1024,	0,	256,	512,	0,	0;
			512,	512,	256,	0,	128,	0,	0;
			256,	512,	512,	128,	0,	512,	1024;
			0,	0,	0,	0,	512,	0,	128;
			0,	0,	0,	0,	1024,	128,	0
u =  0, 0, 0, 0, 1, 1, 1, 1, 2, 2, 2, 2, 3, 3, 3, 3, 4, 4, 4, 4, 4, 4, 5, 5, 6, 6
v =  1, 2, 3, 4, 0, 2, 3, 4, 0, 1, 3, 4, 0, 1, 2, 4, 0, 1, 2, 3, 5, 6, 4, 6, 4, 5
e =  256, 256, 512, 256, 256, 1024, 512, 512, 256, 1024, 256, 512, 512, 512, 256, 128, 256, 512, 512, 128, 512, 1024, 512, 128, 1024, 128
x = 0,0,0,0,0,0,0
y = 0,0,0,0,0,0,0
