[general]
path = outputs/system/

[chiplets]
chiplet_count = 7
widths = 	25,	12,	11,	15,	23,	17,	10
heights = 	26,	11,	13,	18,	24,	19,	12
powers = 	116,	41,	4,	96,	126,	99,	173
target_reward = 0
connections = 0,	0,	0,	0,	1024,	0,	0;
			0,	0,	1024,	0,	1024,	0,	128;
			0,	1024,	0,	512,	1024,	128,	1024;
			0,	0,	512,	0,	128,	256,	128;
			1024,	1024,	1024,	128,	0,	256,	128;
			0,	0,	128,	256,	256,	0,	1024;
			0,	128,	1024,	128,	128,	1024,	0
u =  0, 1, 1, 1, 2, 2, 2, 2, 2, 3, 3, 3, 3, 4, 4, 4, 4, 4, 4, 5, 5, 5, 5, 6, 6, 6, 6, 6
v =  4, 2, 4, 6, 1, 3, 4, 5, 6, 2, 4, 5, 6, 0, 1, 2, 3, 5, 6, 2, 3, 4, 6, 1, 2, 3, 4, 5
e =  1024, 1024, 1024, 128, 1024, 512, 1024, 128, 1024, 512, 128, 256, 128, 1024, 1024, 1024, 128, 256, 128, 128, 256, 256, 1024, 128, 1024, 128, 128, 1024
x = 0,0,0,0,0,0,0
y = 0,0,0,0,0,0,0
