[general]
path = outputs/system/

[chiplets]
chiplet_count = 7
widths = 	22,	16,	27,	8,	25,	12,	25
heights = 	24,	14,	28,	8,	23,	10,	29
powers = 	24,	103,	59,	45,	111,	72,	109
target_reward = 0
connections = 0,	0,	256,	0,	256,	0,	256;
			0,	0,	512,	1024,	0,	128,	128;
			256,	512,	0,	256,	0,	0,	128;
			0,	1024,	256,	0,	0,	128,	0;
			256,	0,	0,	0,	0,	128,	128;
			0,	128,	0,	128,	128,	0,	1024;
			256,	128,	128,	0,	128,	1024,	0
u =  0, 0, 0, 1, 1, 1, 1, 2, 2, 2, 2, 3, 3, 3, 4, 4, 4, 5, 5, 5, 5, 6, 6, 6, 6, 6
v =  2, 4, 6, 2, 3, 5, 6, 0, 1, 3, 6, 1, 2, 5, 0, 5, 6, 1, 3, 4, 6, 0, 1, 2, 4, 5
e =  256, 256, 256, 512, 1024, 128, 128, 256, 512, 256, 128, 1024, 256, 128, 256, 128, 128, 128, 128, 128, 1024, 256, 128, 128, 128, 1024
x = 0,0,0,0,0,0,0
y = 0,0,0,0,0,0,0
