[general]
path = outputs/system/

[chiplets]
chiplet_count = 8
widths = 	29,	27,	19,	21,	20,	24,	25,	28
heights = 	30,	25,	22,	20,	24,	26,	24,	27
powers = 	134,	194,	24,	101,	130,	104,	186,	46
target_reward = 0
connections = 0,	0,	1024,	0,	1024,	512,	128,	128;
			0,	0,	0,	128,	1024,	0,	0,	0;
			1024,	0,	0,	0,	0,	512,	128,	512;
			0,	128,	0,	0,	512,	128,	256,	0;
			1024,	1024,	0,	512,	0,	1024,	512,	0;
			512,	0,	512,	128,	1024,	0,	256,	1024;
			128,	0,	128,	256,	512,	256,	0,	0;
			128,	0,	512,	0,	0,	1024,	0,	0
u =  0, 0, 0, 0, 0, 1, 1, 2, 2, 2, 2, 3, 3, 3, 3, 4, 4, 4, 4, 4, 5, 5, 5, 5, 5, 5, 6, 6, 6, 6, 6, 7, 7, 7
v =  2, 4, 5, 6, 7, 3, 4, 0, 5, 6, 7, 1, 4, 5, 6, 0, 1, 3, 5, 6, 0, 2, 3, 4, 6, 7, 0, 2, 3, 4, 5, 0, 2, 5
e =  1024, 1024, 512, 128, 128, 128, 1024, 1024, 512, 128, 512, 128, 512, 128, 256, 1024, 1024, 512, 1024, 512, 512, 512, 128, 1024, 256, 1024, 128, 128, 256, 512, 256, 128, 512, 1024
x = 0,0,0,0,0,0,0,0
y = 0,0,0,0,0,0,0,0
