[general]
path = outputs/system/

[chiplets]
chiplet_count = 8
widths = 	22,	20,	25,	16,	27,	28,	24,	13
heights = 	18,	20,	24,	13,	25,	23,	23,	16
powers = 	56,	117,	143,	94,	64,	195,	195,	8
target_reward = 0
connections = 0,	1024,	256,	0,	0,	0,	1024,	0;
			1024,	0,	256,	0,	0,	0,	0,	0;
			256,	256,	0,	0,	0,	128,	256,	0;
			0,	0,	0,	0,	1024,	0,	512,	256;
			0,	0,	0,	1024,	0,	256,	0,	256;
			0,	0,	128,	0,	256,	0,	256,	128;
			1024,	0,	256,	512,	0,	256,	0,	128;
			0,	0,	0,	256,	256,	128,	128,	0
u =  0, 0, 0, 1, 1, 2, 2, 2, 2, 3, 3, 3, 4, 4, 4, 5, 5, 5, 5, 6, 6, 6, 6, 6, 7, 7, 7, 7
v =  1, 2, 6, 0, 2, 0, 1, 5, 6, 4, 6, 7, 3, 5, 7, 2, 4, 6, 7, 0, 2, 3, 5, 7, 3, 4, 5, 6
e =  1024, 256, 1024, 1024, 256, 256, 256, 128, 256, 1024, 512, 256, 1024, 256, 256, 128, 256, 256, 128, 1024, 256, 512, 256, 128, 256, 256, 128, 128
x = 0,0,0,0,0,0,0,0
y = 0,0,0,0,0,0,0,0
