[general]
path = outputs/system/

[chiplets]
chiplet_count = 9
widths = 	6,	21,	24,	22,	11,	29,	18,	29,	24
heights = 	7,	20,	21,	26,	10,	24,	17,	26,	21
powers = 	27,	82,	180,	123,	59,	45,	53,	113,	179
target_reward = 0
connections = 0,	0,	128,	0,	128,	0,	256,	128,	0;
			0,	0,	1024,	0,	128,	0,	0,	0,	0;
			128,	1024,	0,	1024,	256,	0,	128,	128,	0;
			0,	0,	1024,	0,	1024,	512,	0,	0,	0;
			128,	128,	256,	1024,	0,	1024,	0,	0,	0;
			0,	0,	0,	512,	1024,	0,	1024,	0,	0;
			256,	0,	128,	0,	0,	1024,	0,	0,	1024;
			128,	0,	128,	0,	0,	0,	0,	0,	0;
			0,	0,	0,	0,	0,	0,	1024,	0,	0
u =  0, 0, 0, 0, 1, 1, 2, 2, 2, 2, 2, 2, 3, 3, 3, 4, 4, 4, 4, 4, 5, 5, 5, 6, 6, 6, 6, 7, 7, 8
v =  2, 4, 6, 7, 2, 4, 0, 1, 3, 4, 6, 7, 2, 4, 5, 0, 1, 2, 3, 5, 3, 4, 6, 0, 2, 5, 8, 0, 2, 6
e =  128, 128, 256, 128, 1024, 128, 128, 1024, 1024, 256, 128, 128, 1024, 1024, 512, 128, 128, 256, 1024, 1024, 512, 1024, 1024, 256, 128, 1024, 1024, 128, 128, 1024
x = 0,0,0,0,0,0,0,0,0
y = 0,0,0,0,0,0,0,0,0
