[general]
path = outputs/system/

[chiplets]
chiplet_count = 11
widths = 	15,	28,	22,	17,	19,	28,	25,	27,	17,	18,	29
heights = 	18,	30,	23,	15,	17,	26,	23,	29,	21,	21,	26
powers = 	11,	96,	199,	178,	47,	62,	162,	140,	84,	48,	163
target_reward = 0
connections = 0,	128,	0,	0,	1024,	0,	0,	0,	0,	0,	256;
			128,	0,	0,	0,	0,	0,	0,	0,	0,	0,	512;
			0,	0,	0,	128,	0,	128,	0,	0,	0,	0,	0;
			0,	0,	128,	0,	0,	0,	0,	0,	512,	256,	512;
			1024,	0,	0,	0,	0,	1024,	256,	0,	0,	128,	0;
			0,	0,	128,	0,	1024,	0,	0,	0,	0,	512,	128;
			0,	0,	0,	0,	256,	0,	0,	0,	0,	0,	0;
			0,	0,	0,	0,	0,	0,	0,	0,	1024,	256,	0;
			0,	0,	0,	512,	0,	0,	0,	1024,	0,	512,	256;
			0,	0,	0,	256,	128,	512,	0,	256,	512,	0,	1024;
			256,	512,	0,	512,	0,	128,	0,	0,	256,	1024,	0
u =  0, 0, 0, 1, 1, 2, 2, 3, 3, 3, 3, 4, 4, 4, 4, 5, 5, 5, 5, 6, 7, 7, 8, 8, 8, 8, 9, 9, 9, 9, 9, 9, 10, 10, 10, 10, 10, 10
v =  1, 4, 10, 0, 10, 3, 5, 2, 8, 9, 10, 0, 5, 6, 9, 2, 4, 9, 10, 4, 8, 9, 3, 7, 9, 10, 3, 4, 5, 7, 8, 10, 0, 1, 3, 5, 8, 9
e =  128, 1024, 256, 128, 512, 128, 128, 128, 512, 256, 512, 1024, 1024, 256, 128, 128, 1024, 512, 128, 256, 1024, 256, 512, 1024, 512, 256, 256, 128, 512, 256, 512, 1024, 256, 512, 512, 128, 256, 1024
x = 0,0,0,0,0,0,0,0,0,0,0
y = 0,0,0,0,0,0,0,0,0,0,0
