[general]
path = outputs/system/

[chiplets]
chiplet_count = 8
widths = 	29,	26,	21,	13,	14,	18,	20,	19
heights = 	28,	30,	21,	16,	12,	22,	25,	19
powers = 	178,	57,	160,	101,	34,	161,	48,	124
target_reward = 0
connections = 0,	0,	128,	512,	0,	0,	1024,	512;
			0,	0,	0,	0,	128,	1024,	0,	0;
			128,	0,	0,	256,	1024,	0,	0,	0;
			512,	0,	256,	0,	512,	128,	0,	0;
			0,	128,	1024,	512,	0,	512,	512,	1024;
			0,	1024,	0,	128,	512,	0,	0,	128;
			1024,	0,	0,	0,	512,	0,	0,	512;
			512,	0,	0,	0,	1024,	128,	512,	0
u =  0, 0, 0, 0, 1, 1, 2, 2, 2, 3, 3, 3, 3, 4, 4, 4, 4, 4, 4, 5, 5, 5, 5, 6, 6, 6, 7, 7, 7, 7
v =  2, 3, 6, 7, 4, 5, 0, 3, 4, 0, 2, 4, 5, 1, 2, 3, 5, 6, 7, 1, 3, 4, 7, 0, 4, 7, 0, 4, 5, 6
e =  128, 512, 1024, 512, 128, 1024, 128, 256, 1024, 512, 256, 512, 128, 128, 1024, 512, 512, 512, 1024, 1024, 128, 512, 128, 1024, 512, 512, 512, 1024, 128, 512
x = 0,0,0,0,0,0,0,0
y = 0,0,0,0,0,0,0,0
