[general]
path = outputs/system/

[chiplets]
chiplet_count = 10
widths = 	20,	28,	6,	30,	5,	14,	17,	22,	14,	17
heights = 	24,	28,	6,	25,	6,	12,	21,	18,	15,	17
powers = 	187,	142,	3,	5,	56,	100,	93,	81,	156,	44
target_reward = 0
connections = 0,	512,	1024,	0,	0,	512,	1024,	0,	0,	1024;
			512,	0,	0,	0,	0,	256,	0,	256,	0,	0;
			1024,	0,	0,	256,	1024,	0,	0,	0,	256,	1024;
			0,	0,	256,	0,	128,	0,	0,	0,	256,	0;
			0,	0,	1024,	128,	0,	0,	0,	0,	0,	256;
			512,	256,	0,	0,	0,	0,	128,	256,	1024,	0;
			1024,	0,	0,	0,	0,	128,	0,	128,	256,	0;
			0,	256,	0,	0,	0,	256,	128,	0,	0,	0;
			0,	0,	256,	256,	0,	1024,	256,	0,	0,	0;
			1024,	0,	1024,	0,	256,	0,	0,	0,	0,	0
u =  0, 0, 0, 0, 0, 1, 1, 1, 2, 2, 2, 2, 2, 3, 3, 3, 4, 4, 4, 5, 5, 5, 5, 5, 6, 6, 6, 6, 7, 7, 7, 8, 8, 8, 8, 9, 9, 9
v =  1, 2, 5, 6, 9, 0, 5, 7, 0, 3, 4, 8, 9, 2, 4, 8, 2, 3, 9, 0, 1, 6, 7, 8, 0, 5, 7, 8, 1, 5, 6, 2, 3, 5, 6, 0, 2, 4
e =  512, 1024, 512, 1024, 1024, 512, 256, 256, 1024, 256, 1024, 256, 1024, 256, 128, 256, 1024, 128, 256, 512, 256, 128, 256, 1024, 1024, 128, 128, 256, 256, 256, 128, 256, 256, 1024, 256, 1024, 1024, 256
x = 0,0,0,0,0,0,0,0,0,0
y = 0,0,0,0,0,0,0,0,0,0
