[general]
path = outputs/system/

[chiplets]
chiplet_count = 9
widths = 	16,	24,	16,	17,	22,	17,	29,	22,	21
heights = 	13,	27,	16,	14,	20,	20,	25,	24,	20
powers = 	114,	87,	84,	151,	161,	129,	73,	161,	47
target_reward = 0
connections = 0,	1024,	512,	1024,	0,	512,	0,	0,	0;
			1024,	0,	128,	1024,	0,	0,	0,	0,	0;
			512,	128,	0,	128,	1024,	128,	1024,	0,	1024;
			1024,	1024,	128,	0,	0,	256,	128,	0,	0;
			0,	0,	1024,	0,	0,	0,	1024,	0,	0;
			512,	0,	128,	256,	0,	0,	128,	128,	0;
			0,	0,	1024,	128,	1024,	128,	0,	0,	1024;
			0,	0,	0,	0,	0,	128,	0,	0,	512;
			0,	0,	1024,	0,	0,	0,	1024,	512,	0
u =  0, 0, 0, 0, 1, 1, 1, 2, 2, 2, 2, 2, 2, 2, 3, 3, 3, 3, 3, 4, 4, 5, 5, 5, 5, 5, 6, 6, 6, 6, 6, 7, 7, 8, 8, 8
v =  1, 2, 3, 5, 0, 2, 3, 0, 1, 3, 4, 5, 6, 8, 0, 1, 2, 5, 6, 2, 6, 0, 2, 3, 6, 7, 2, 3, 4, 5, 8, 5, 8, 2, 6, 7
e =  1024, 512, 1024, 512, 1024, 128, 1024, 512, 128, 128, 1024, 128, 1024, 1024, 1024, 1024, 128, 256, 128, 1024, 1024, 512, 128, 256, 128, 128, 1024, 128, 1024, 128, 1024, 128, 512, 1024, 1024, 512
x = 0,0,0,0,0,0,0,0,0
y = 0,0,0,0,0,0,0,0,0
