[general]
path = outputs/system/

[chiplets]
chiplet_count = 8
widths = 	24,	22,	5,	22,	14,	28,	23,	28
heights = 	30,	27,	4,	24,	15,	26,	27,	23
powers = 	185,	63,	142,	167,	30,	104,	179,	18
target_reward = 0
connections = 0,	128,	512,	0,	0,	0,	0,	0;
			128,	0,	1024,	256,	0,	512,	1024,	0;
			512,	1024,	0,	128,	0,	0,	0,	1024;
			0,	256,	128,	0,	512,	0,	256,	256;
			0,	0,	0,	512,	0,	0,	0,	0;
			0,	512,	0,	0,	0,	0,	256,	1024;
			0,	1024,	0,	256,	0,	256,	0,	0;
			0,	0,	1024,	256,	0,	1024,	0,	0
u =  0, 0, 1, 1, 1, 1, 1, 2, 2, 2, 2, 3, 3, 3, 3, 3, 4, 5, 5, 5, 6, 6, 6, 7, 7, 7
v =  1, 2, 0, 2, 3, 5, 6, 0, 1, 3, 7, 1, 2, 4, 6, 7, 3, 1, 6, 7, 1, 3, 5, 2, 3, 5
e =  128, 512, 128, 1024, 256, 512, 1024, 512, 1024, 128, 1024, 256, 128, 512, 256, 256, 512, 512, 256, 1024, 1024, 256, 256, 1024, 256, 1024
x = 0,0,0,0,0,0,0,0
y = 0,0,0,0,0,0,0,0
