[general]
path = outputs/system/

[chiplets]
chiplet_count = 11
widths = 	16,	24,	24,	22,	22,	18,	28,	12,	12,	9,	21
heights = 	19,	30,	22,	25,	23,	20,	27,	12,	13,	11,	23
powers = 	122,	8,	78,	43,	39,	146,	2,	86,	97,	18,	114
target_reward = 0
connections = 0,	0,	0,	0,	0,	0,	0,	0,	0,	128,	256;
			0,	0,	0,	0,	0,	0,	0,	0,	1024,	0,	0;
			0,	0,	0,	0,	0,	0,	0,	0,	256,	256,	512;
			0,	0,	0,	0,	1024,	0,	512,	0,	128,	0,	0;
			0,	0,	0,	1024,	0,	0,	0,	0,	256,	0,	0;
			0,	0,	0,	0,	0,	0,	256,	512,	0,	1024,	256;
			0,	0,	0,	512,	0,	256,	0,	256,	512,	0,	0;
			0,	0,	0,	0,	0,	512,	256,	0,	1024,	256,	0;
			0,	1024,	256,	128,	256,	0,	512,	1024,	0,	256,	0;
			128,	0,	256,	0,	0,	1024,	0,	256,	256,	0,	512;
			256,	0,	512,	0,	0,	256,	0,	0,	0,	512,	0
u =  0, 0, 1, 2, 2, 2, 3, 3, 3, 4, 4, 5, 5, 5, 5, 6, 6, 6, 6, 7, 7, 7, 7, 8, 8, 8, 8, 8, 8, 8, 9, 9, 9, 9, 9, 9, 10, 10, 10, 10
v =  9, 10, 8, 8, 9, 10, 4, 6, 8, 3, 8, 6, 7, 9, 10, 3, 5, 7, 8, 5, 6, 8, 9, 1, 2, 3, 4, 6, 7, 9, 0, 2, 5, 7, 8, 10, 0, 2, 5, 9
e =  128, 256, 1024, 256, 256, 512, 1024, 512, 128, 1024, 256, 256, 512, 1024, 256, 512, 256, 256, 512, 512, 256, 1024, 256, 1024, 256, 128, 256, 512, 1024, 256, 128, 256, 1024, 256, 256, 512, 256, 512, 256, 512
x = 0,0,0,0,0,0,0,0,0,0,0
y = 0,0,0,0,0,0,0,0,0,0,0
