[general]
path = outputs/system/

[chiplets]
chiplet_count = 9
widths = 	16,	24,	30,	15,	25,	23,	18,	21,	23
heights = 	16,	21,	24,	13,	25,	22,	18,	23,	21
powers = 	26,	76,	36,	83,	150,	93,	48,	183,	31
target_reward = 0
connections = 0,	0,	0,	256,	1024,	512,	1024,	512,	0;
			0,	0,	512,	1024,	0,	512,	0,	0,	256;
			0,	512,	0,	512,	512,	0,	0,	0,	512;
			256,	1024,	512,	0,	0,	1024,	0,	0,	0;
			1024,	0,	512,	0,	0,	0,	0,	0,	128;
			512,	512,	0,	1024,	0,	0,	512,	0,	1024;
			1024,	0,	0,	0,	0,	512,	0,	0,	0;
			512,	0,	0,	0,	0,	0,	0,	0,	512;
			0,	256,	512,	0,	128,	1024,	0,	512,	0
u =  0, 0, 0, 0, 0, 1, 1, 1, 1, 2, 2, 2, 2, 3, 3, 3, 3, 4, 4, 4, 5, 5, 5, 5, 5, 6, 6, 7, 7, 8, 8, 8, 8, 8
v =  3, 4, 5, 6, 7, 2, 3, 5, 8, 1, 3, 4, 8, 0, 1, 2, 5, 0, 2, 8, 0, 1, 3, 6, 8, 0, 5, 0, 8, 1, 2, 4, 5, 7
e =  256, 1024, 512, 1024, 512, 512, 1024, 512, 256, 512, 512, 512, 512, 256, 1024, 512, 1024, 1024, 512, 128, 512, 512, 1024, 512, 1024, 1024, 512, 512, 512, 256, 512, 128, 1024, 512
x = 0,0,0,0,0,0,0,0,0
y = 0,0,0,0,0,0,0,0,0
