[general]
path = outputs/system/

[chiplets]
chiplet_count = 10
widths = 	19,	13,	21,	8,	7,	25,	23,	16,	23,	12
heights = 	20,	12,	24,	8,	7,	25,	22,	18,	22,	13
powers = 	129,	155,	66,	193,	72,	75,	118,	112,	110,	24
target_reward = 0
connections = 0,	0,	512,	0,	0,	0,	0,	128,	0,	0;
			0,	0,	0,	0,	0,	256,	256,	0,	0,	128;
			512,	0,	0,	1024,	128,	0,	0,	0,	0,	1024;
			0,	0,	1024,	0,	512,	0,	0,	0,	0,	0;
			0,	0,	128,	512,	0,	0,	512,	0,	0,	512;
			0,	256,	0,	0,	0,	0,	256,	1024,	0,	0;
			0,	256,	0,	0,	512,	256,	0,	512,	0,	0;
			128,	0,	0,	0,	0,	1024,	512,	0,	0,	512;
			0,	0,	0,	0,	0,	0,	0,	0,	0,	512;
			0,	128,	1024,	0,	512,	0,	0,	512,	512,	0
u =  0, 0, 1, 1, 1, 2, 2, 2, 2, 3, 3, 4, 4, 4, 4, 5, 5, 5, 6, 6, 6, 6, 7, 7, 7, 7, 8, 9, 9, 9, 9, 9
v =  2, 7, 5, 6, 9, 0, 3, 4, 9, 2, 4, 2, 3, 6, 9, 1, 6, 7, 1, 4, 5, 7, 0, 5, 6, 9, 9, 1, 2, 4, 7, 8
e =  512, 128, 256, 256, 128, 512, 1024, 128, 1024, 1024, 512, 128, 512, 512, 512, 256, 256, 1024, 256, 512, 256, 512, 128, 1024, 512, 512, 512, 128, 1024, 512, 512, 512
x = 0,0,0,0,0,0,0,0,0,0
y = 0,0,0,0,0,0,0,0,0,0
