[general]
path = outputs/system/

[chiplets]
chiplet_count = 9
widths = 	21,	11,	7,	23,	29,	29,	24,	8,	27
heights = 	21,	10,	8,	21,	30,	27,	27,	8,	28
powers = 	180,	6,	92,	185,	128,	180,	156,	197,	149
target_reward = 0
connections = 0,	0,	0,	256,	256,	0,	0,	0,	0;
			0,	0,	1024,	0,	0,	128,	0,	256,	0;
			0,	1024,	0,	0,	256,	0,	256,	128,	0;
			256,	0,	0,	0,	128,	1024,	0,	0,	0;
			256,	0,	256,	128,	0,	128,	0,	0,	0;
			0,	128,	0,	1024,	128,	0,	512,	128,	256;
			0,	0,	256,	0,	0,	512,	0,	512,	1024;
			0,	256,	128,	0,	0,	128,	512,	0,	256;
			0,	0,	0,	0,	0,	256,	1024,	256,	0
u =  0, 0, 1, 1, 1, 2, 2, 2, 2, 3, 3, 3, 4, 4, 4, 4, 5, 5, 5, 5, 5, 5, 6, 6, 6, 6, 7, 7, 7, 7, 7, 8, 8, 8
v =  3, 4, 2, 5, 7, 1, 4, 6, 7, 0, 4, 5, 0, 2, 3, 5, 1, 3, 4, 6, 7, 8, 2, 5, 7, 8, 1, 2, 5, 6, 8, 5, 6, 7
e =  256, 256, 1024, 128, 256, 1024, 256, 256, 128, 256, 128, 1024, 256, 256, 128, 128, 128, 1024, 128, 512, 128, 256, 256, 512, 512, 1024, 256, 128, 128, 512, 256, 256, 1024, 256
x = 0,0,0,0,0,0,0,0,0
y = 0,0,0,0,0,0,0,0,0
