[general]
path = outputs/system/

[chiplets]
chiplet_count = 9
widths = 	17,	25,	23,	26,	22,	30,	13,	8,	15
heights = 	14,	24,	22,	29,	22,	26,	15,	8,	14
powers = 	10,	69,	47,	84,	113,	167,	192,	110,	32
target_reward = 0
connections = 0,	256,	0,	0,	0,	0,	0,	0,	0;
			256,	0,	0,	1024,	512,	0,	0,	0,	256;
			0,	0,	0,	128,	0,	0,	0,	0,	512;
			0,	1024,	128,	0,	128,	1024,	128,	256,	0;
			0,	512,	0,	128,	0,	128,	0,	0,	512;
			0,	0,	0,	1024,	128,	0,	0,	256,	0;
			0,	0,	0,	128,	0,	0,	0,	512,	128;
			0,	0,	0,	256,	0,	256,	512,	0,	256;
			0,	256,	512,	0,	512,	0,	128,	256,	0
u =  0, 1, 1, 1, 1, 2, 2, 3, 3, 3, 3, 3, 3, 4, 4, 4, 4, 5, 5, 5, 6, 6, 6, 7, 7, 7, 7, 8, 8, 8, 8, 8
v =  1, 0, 3, 4, 8, 3, 8, 1, 2, 4, 5, 6, 7, 1, 3, 5, 8, 3, 4, 7, 3, 7, 8, 3, 5, 6, 8, 1, 2, 4, 6, 7
e =  256, 256, 1024, 512, 256, 128, 512, 1024, 128, 128, 1024, 128, 256, 512, 128, 128, 512, 1024, 128, 256, 128, 512, 128, 256, 256, 512, 256, 256, 512, 512, 128, 256
x = 0,0,0,0,0,0,0,0,0
y = 0,0,0,0,0,0,0,0,0
