[general]
path = outputs/system/

[chiplets]
chiplet_count = 10
widths = 	16,	28,	29,	19,	13,	26,	25,	29,	7,	21
heights = 	16,	28,	28,	18,	16,	23,	27,	27,	6,	23
powers = 	27,	28,	107,	48,	47,	104,	169,	29,	168,	44
target_reward = 0
connections = 0,	0,	0,	128,	128,	0,	0,	512,	0,	0;
			0,	0,	0,	0,	0,	0,	1024,	0,	0,	256;
			0,	0,	0,	128,	0,	128,	512,	0,	0,	0;
			128,	0,	128,	0,	0,	0,	1024,	256,	0,	256;
			128,	0,	0,	0,	0,	512,	512,	0,	0,	0;
			0,	0,	128,	0,	512,	0,	256,	0,	0,	0;
			0,	1024,	512,	1024,	512,	256,	0,	128,	0,	0;
			512,	0,	0,	256,	0,	0,	128,	0,	128,	512;
			0,	0,	0,	0,	0,	0,	0,	128,	0,	256;
			0,	256,	0,	256,	0,	0,	0,	512,	256,	0
u =  0, 0, 0, 1, 1, 2, 2, 2, 3, 3, 3, 3, 3, 4, 4, 4, 5, 5, 5, 6, 6, 6, 6, 6, 6, 7, 7, 7, 7, 7, 8, 8, 9, 9, 9, 9
v =  3, 4, 7, 6, 9, 3, 5, 6, 0, 2, 6, 7, 9, 0, 5, 6, 2, 4, 6, 1, 2, 3, 4, 5, 7, 0, 3, 6, 8, 9, 7, 9, 1, 3, 7, 8
e =  128, 128, 512, 1024, 256, 128, 128, 512, 128, 128, 1024, 256, 256, 128, 512, 512, 128, 512, 256, 1024, 512, 1024, 512, 256, 128, 512, 256, 128, 128, 512, 128, 256, 256, 256, 512, 256
x = 0,0,0,0,0,0,0,0,0,0
y = 0,0,0,0,0,0,0,0,0,0
