[general]
path = outputs/system/

[chiplets]
chiplet_count = 8
widths = 	26,	11,	26,	18,	25,	8,	27,	24
heights = 	27,	13,	26,	20,	28,	9,	29,	23
powers = 	106,	111,	170,	150,	126,	115,	48,	73
target_reward = 0
connections = 0,	128,	0,	0,	0,	0,	128,	0;
			128,	0,	512,	256,	0,	256,	256,	0;
			0,	512,	0,	512,	1024,	128,	256,	0;
			0,	256,	512,	0,	128,	128,	0,	256;
			0,	0,	1024,	128,	0,	256,	0,	0;
			0,	256,	128,	128,	256,	0,	0,	0;
			128,	256,	256,	0,	0,	0,	0,	256;
			0,	0,	0,	256,	0,	0,	256,	0
u =  0, 0, 1, 1, 1, 1, 1, 2, 2, 2, 2, 2, 3, 3, 3, 3, 3, 4, 4, 4, 5, 5, 5, 5, 6, 6, 6, 6, 7, 7
v =  1, 6, 0, 2, 3, 5, 6, 1, 3, 4, 5, 6, 1, 2, 4, 5, 7, 2, 3, 5, 1, 2, 3, 4, 0, 1, 2, 7, 3, 6
e =  128, 128, 128, 512, 256, 256, 256, 512, 512, 1024, 128, 256, 256, 512, 128, 128, 256, 1024, 128, 256, 256, 128, 128, 256, 128, 256, 256, 256, 256, 256
x = 0,0,0,0,0,0,0,0
y = 0,0,0,0,0,0,0,0
