[general]
path = outputs/system/

[chiplets]
chiplet_count = 8
widths = 	20,	27,	22,	24,	30,	23,	20,	12
heights = 	20,	27,	18,	25,	29,	20,	22,	13
powers = 	149,	73,	96,	88,	57,	125,	115,	141
target_reward = 0
connections = 0,	0,	0,	128,	0,	512,	256,	0;
			0,	0,	0,	0,	0,	512,	0,	0;
			0,	0,	0,	128,	1024,	128,	0,	0;
			128,	0,	128,	0,	1024,	128,	256,	0;
			0,	0,	1024,	1024,	0,	0,	0,	0;
			512,	512,	128,	128,	0,	0,	512,	128;
			256,	0,	0,	256,	0,	512,	0,	1024;
			0,	0,	0,	0,	0,	128,	1024,	0
u =  0, 0, 0, 1, 2, 2, 2, 3, 3, 3, 3, 3, 4, 4, 5, 5, 5, 5, 5, 5, 6, 6, 6, 6, 7, 7
v =  3, 5, 6, 5, 3, 4, 5, 0, 2, 4, 5, 6, 2, 3, 0, 1, 2, 3, 6, 7, 0, 3, 5, 7, 5, 6
e =  128, 512, 256, 512, 128, 1024, 128, 128, 128, 1024, 128, 256, 1024, 1024, 512, 512, 128, 128, 512, 128, 256, 256, 512, 1024, 128, 1024
x = 0,0,0,0,0,0,0,0
y = 0,0,0,0,0,0,0,0
