[general]
path = outputs/system/

[chiplets]
chiplet_count = 9
widths = 	13,	17,	4,	13,	12,	25,	10,	20,	18
heights = 	14,	20,	5,	16,	14,	27,	12,	16,	15
powers = 	43,	124,	82,	140,	95,	120,	200,	125,	150
target_reward = 0
connections = 0,	0,	0,	1024,	0,	0,	0,	0,	0;
			0,	0,	0,	0,	0,	0,	0,	128,	256;
			0,	0,	0,	256,	0,	0,	0,	0,	512;
			1024,	0,	256,	0,	0,	512,	1024,	0,	0;
			0,	0,	0,	0,	0,	256,	512,	256,	128;
			0,	0,	0,	512,	256,	0,	128,	128,	0;
			0,	0,	0,	1024,	512,	128,	0,	1024,	0;
			0,	128,	0,	0,	256,	128,	1024,	0,	0;
			0,	256,	512,	0,	128,	0,	0,	0,	0
u =  0, 1, 1, 2, 2, 3, 3, 3, 3, 4, 4, 4, 4, 5, 5, 5, 5, 6, 6, 6, 6, 7, 7, 7, 7, 8, 8, 8
v =  3, 7, 8, 3, 8, 0, 2, 5, 6, 5, 6, 7, 8, 3, 4, 6, 7, 3, 4, 5, 7, 1, 4, 5, 6, 1, 2, 4
e =  1024, 128, 256, 256, 512, 1024, 256, 512, 1024, 256, 512, 256, 128, 512, 256, 128, 128, 1024, 512, 128, 1024, 128, 256, 128, 1024, 256, 512, 128
x = 0,0,0,0,0,0,0,0,0
y = 0,0,0,0,0,0,0,0,0
