[general]
path = outputs/system/

[chiplets]
chiplet_count = 9
widths = 	8,	17,	13,	14,	28,	8,	5,	24,	5
heights = 	8,	17,	16,	15,	24,	8,	6,	20,	6
powers = 	22,	120,	105,	134,	86,	155,	54,	54,	105
target_reward = 0
connections = 0,	512,	0,	1024,	0,	0,	0,	0,	1024;
			512,	0,	512,	256,	1024,	0,	512,	128,	0;
			0,	512,	0,	512,	0,	512,	0,	0,	1024;
			1024,	256,	512,	0,	1024,	1024,	0,	1024,	0;
			0,	1024,	0,	1024,	0,	256,	1024,	128,	0;
			0,	0,	512,	1024,	256,	0,	0,	0,	128;
			0,	512,	0,	0,	1024,	0,	0,	256,	0;
			0,	128,	0,	1024,	128,	0,	256,	0,	0;
			1024,	0,	1024,	0,	0,	128,	0,	0,	0
u =  0, 0, 0, 1, 1, 1, 1, 1, 1, 2, 2, 2, 2, 3, 3, 3, 3, 3, 3, 4, 4, 4, 4, 4, 5, 5, 5, 5, 6, 6, 6, 7, 7, 7, 7, 8, 8, 8
v =  1, 3, 8, 0, 2, 3, 4, 6, 7, 1, 3, 5, 8, 0, 1, 2, 4, 5, 7, 1, 3, 5, 6, 7, 2, 3, 4, 8, 1, 4, 7, 1, 3, 4, 6, 0, 2, 5
e =  512, 1024, 1024, 512, 512, 256, 1024, 512, 128, 512, 512, 512, 1024, 1024, 256, 512, 1024, 1024, 1024, 1024, 1024, 256, 1024, 128, 512, 1024, 256, 128, 512, 1024, 256, 128, 1024, 128, 256, 1024, 1024, 128
x = 0,0,0,0,0,0,0,0,0
y = 0,0,0,0,0,0,0,0,0
