[general]
path = outputs/system/

[chiplets]
chiplet_count = 10
widths = 	24,	25,	15,	24,	20,	4,	13,	12,	20,	30
heights = 	30,	30,	16,	29,	24,	5,	11,	10,	25,	26
powers = 	54,	122,	66,	71,	19,	144,	131,	80,	5,	197
target_reward = 0
connections = 0,	0,	0,	1024,	256,	0,	256,	0,	0,	0;
			0,	0,	512,	0,	0,	0,	0,	0,	1024,	0;
			0,	512,	0,	0,	0,	0,	128,	128,	1024,	256;
			1024,	0,	0,	0,	256,	512,	0,	512,	256,	1024;
			256,	0,	0,	256,	0,	256,	0,	0,	0,	0;
			0,	0,	0,	512,	256,	0,	256,	0,	0,	0;
			256,	0,	128,	0,	0,	256,	0,	512,	512,	0;
			0,	0,	128,	512,	0,	0,	512,	0,	1024,	0;
			0,	1024,	1024,	256,	0,	0,	512,	1024,	0,	0;
			0,	0,	256,	1024,	0,	0,	0,	0,	0,	0
u =  0, 0, 0, 1, 1, 2, 2, 2, 2, 2, 3, 3, 3, 3, 3, 3, 4, 4, 4, 5, 5, 5, 6, 6, 6, 6, 6, 7, 7, 7, 7, 8, 8, 8, 8, 8, 9, 9
v =  3, 4, 6, 2, 8, 1, 6, 7, 8, 9, 0, 4, 5, 7, 8, 9, 0, 3, 5, 3, 4, 6, 0, 2, 5, 7, 8, 2, 3, 6, 8, 1, 2, 3, 6, 7, 2, 3
e =  1024, 256, 256, 512, 1024, 512, 128, 128, 1024, 256, 1024, 256, 512, 512, 256, 1024, 256, 256, 256, 512, 256, 256, 256, 128, 256, 512, 512, 128, 512, 512, 1024, 1024, 1024, 256, 512, 1024, 256, 1024
x = 0,0,0,0,0,0,0,0,0,0
y = 0,0,0,0,0,0,0,0,0,0
