[general]
path = outputs/system/

[chiplets]
chiplet_count = 10
widths = 	20,	14,	28,	17,	13,	27,	28,	23,	17,	6
heights = 	24,	15,	26,	14,	13,	29,	28,	27,	21,	6
powers = 	142,	118,	12,	182,	49,	53,	111,	76,	169,	143
target_reward = 0
connections = 0,	256,	512,	0,	1024,	0,	0,	128,	0,	1024;
			256,	0,	0,	128,	0,	0,	0,	0,	0,	256;
			512,	0,	0,	0,	1024,	0,	0,	256,	0,	256;
			0,	128,	0,	0,	0,	0,	0,	0,	0,	0;
			1024,	0,	1024,	0,	0,	512,	128,	0,	0,	128;
			0,	0,	0,	0,	512,	0,	256,	512,	0,	0;
			0,	0,	0,	0,	128,	256,	0,	0,	512,	0;
			128,	0,	256,	0,	0,	512,	0,	0,	512,	1024;
			0,	0,	0,	0,	0,	0,	512,	512,	0,	256;
			1024,	256,	256,	0,	128,	0,	0,	1024,	256,	0
u =  0, 0, 0, 0, 0, 1, 1, 1, 2, 2, 2, 2, 3, 4, 4, 4, 4, 4, 5, 5, 5, 6, 6, 6, 7, 7, 7, 7, 7, 8, 8, 8, 9, 9, 9, 9, 9, 9
v =  1, 2, 4, 7, 9, 0, 3, 9, 0, 4, 7, 9, 1, 0, 2, 5, 6, 9, 4, 6, 7, 4, 5, 8, 0, 2, 5, 8, 9, 6, 7, 9, 0, 1, 2, 4, 7, 8
e =  256, 512, 1024, 128, 1024, 256, 128, 256, 512, 1024, 256, 256, 128, 1024, 1024, 512, 128, 128, 512, 256, 512, 128, 256, 512, 128, 256, 512, 512, 1024, 512, 512, 256, 1024, 256, 256, 128, 1024, 256
x = 0,0,0,0,0,0,0,0,0,0
y = 0,0,0,0,0,0,0,0,0,0
