[general]
path = outputs/system/

[chiplets]
chiplet_count = 8
widths = 	27,	19,	20,	30,	20,	17,	18,	12
heights = 	24,	17,	23,	28,	16,	16,	20,	12
powers = 	173,	140,	162,	189,	65,	61,	56,	46
target_reward = 0
connections = 0,	0,	512,	0,	512,	128,	0,	0;
			0,	0,	1024,	0,	128,	128,	0,	0;
			512,	1024,	0,	256,	0,	0,	0,	1024;
			0,	0,	256,	0,	256,	512,	0,	0;
			512,	128,	0,	256,	0,	512,	128,	0;
			128,	128,	0,	512,	512,	0,	256,	0;
			0,	0,	0,	0,	128,	256,	0,	0;
			0,	0,	1024,	0,	0,	0,	0,	0
u =  0, 0, 0, 1, 1, 1, 2, 2, 2, 2, 3, 3, 3, 4, 4, 4, 4, 4, 5, 5, 5, 5, 5, 6, 6, 7
v =  2, 4, 5, 2, 4, 5, 0, 1, 3, 7, 2, 4, 5, 0, 1, 3, 5, 6, 0, 1, 3, 4, 6, 4, 5, 2
e =  512, 512, 128, 1024, 128, 128, 512, 1024, 256, 1024, 256, 256, 512, 512, 128, 256, 512, 128, 128, 128, 512, 512, 256, 128, 256, 1024
x = 0,0,0,0,0,0,0,0
y = 0,0,0,0,0,0,0,0
