[general]
path = outputs/system/

[chiplets]
chiplet_count = 11
widths = 	27,	27,	15,	25,	16,	18,	20,	29,	6,	13,	21
heights = 	29,	22,	15,	25,	15,	20,	20,	24,	7,	14,	25
powers = 	65,	139,	62,	21,	18,	178,	124,	69,	43,	30,	45
target_reward = 0
connections = 0,	0,	0,	0,	0,	0,	0,	128,	256,	0,	0;
			0,	0,	0,	0,	0,	0,	256,	0,	0,	0,	1024;
			0,	0,	0,	1024,	0,	0,	0,	0,	0,	256,	0;
			0,	0,	1024,	0,	0,	0,	0,	0,	0,	0,	128;
			0,	0,	0,	0,	0,	0,	0,	128,	0,	0,	0;
			0,	0,	0,	0,	0,	0,	256,	0,	0,	512,	0;
			0,	256,	0,	0,	0,	256,	0,	0,	0,	1024,	256;
			128,	0,	0,	0,	128,	0,	0,	0,	1024,	256,	0;
			256,	0,	0,	0,	0,	0,	0,	1024,	0,	256,	512;
			0,	0,	256,	0,	0,	512,	1024,	256,	256,	0,	512;
			0,	1024,	0,	128,	0,	0,	256,	0,	512,	512,	0
u =  0, 0, 1, 1, 2, 2, 3, 3, 4, 5, 5, 6, 6, 6, 6, 7, 7, 7, 7, 8, 8, 8, 8, 9, 9, 9, 9, 9, 9, 10, 10, 10, 10, 10
v =  7, 8, 6, 10, 3, 9, 2, 10, 7, 6, 9, 1, 5, 9, 10, 0, 4, 8, 9, 0, 7, 9, 10, 2, 5, 6, 7, 8, 10, 1, 3, 6, 8, 9
e =  128, 256, 256, 1024, 1024, 256, 1024, 128, 128, 256, 512, 256, 256, 1024, 256, 128, 128, 1024, 256, 256, 1024, 256, 512, 256, 512, 1024, 256, 256, 512, 1024, 128, 256, 512, 512
x = 0,0,0,0,0,0,0,0,0,0,0
y = 0,0,0,0,0,0,0,0,0,0,0
