[general]
path = outputs/system/

[chiplets]
chiplet_count = 10
widths = 	27,	24,	21,	24,	22,	23,	19,	8,	12,	25
heights = 	22,	29,	25,	21,	22,	23,	19,	10,	15,	23
powers = 	129,	193,	122,	146,	87,	57,	187,	72,	16,	165
target_reward = 0
connections = 0,	0,	512,	256,	128,	0,	512,	1024,	0,	0;
			0,	0,	512,	0,	0,	0,	0,	0,	0,	128;
			512,	512,	0,	512,	0,	1024,	0,	0,	256,	128;
			256,	0,	512,	0,	1024,	0,	0,	128,	0,	0;
			128,	0,	0,	1024,	0,	0,	0,	256,	0,	0;
			0,	0,	1024,	0,	0,	0,	0,	0,	0,	128;
			512,	0,	0,	0,	0,	0,	0,	512,	128,	0;
			1024,	0,	0,	128,	256,	0,	512,	0,	512,	1024;
			0,	0,	256,	0,	0,	0,	128,	512,	0,	128;
			0,	128,	128,	0,	0,	128,	0,	1024,	128,	0
u =  0, 0, 0, 0, 0, 1, 1, 2, 2, 2, 2, 2, 2, 3, 3, 3, 3, 4, 4, 4, 5, 5, 6, 6, 6, 7, 7, 7, 7, 7, 7, 8, 8, 8, 8, 9, 9, 9, 9, 9
v =  2, 3, 4, 6, 7, 2, 9, 0, 1, 3, 5, 8, 9, 0, 2, 4, 7, 0, 3, 7, 2, 9, 0, 7, 8, 0, 3, 4, 6, 8, 9, 2, 6, 7, 9, 1, 2, 5, 7, 8
e =  512, 256, 128, 512, 1024, 512, 128, 512, 512, 512, 1024, 256, 128, 256, 512, 1024, 128, 128, 1024, 256, 1024, 128, 512, 512, 128, 1024, 128, 256, 512, 512, 1024, 256, 128, 512, 128, 128, 128, 128, 1024, 128
x = 0,0,0,0,0,0,0,0,0,0
y = 0,0,0,0,0,0,0,0,0,0
