[general]
path = outputs/system/

[chiplets]
chiplet_count = 9
widths = 	25,	13,	20,	17,	30,	16,	10,	14,	21
heights = 	28,	16,	21,	17,	26,	20,	12,	17,	21
powers = 	114,	26,	81,	117,	80,	14,	3,	141,	39
target_reward = 0
connections = 0,	256,	0,	0,	512,	0,	0,	256,	0;
			256,	0,	1024,	0,	0,	0,	256,	0,	0;
			0,	1024,	0,	512,	0,	0,	0,	0,	1024;
			0,	0,	512,	0,	256,	128,	1024,	0,	0;
			512,	0,	0,	256,	0,	512,	0,	0,	0;
			0,	0,	0,	128,	512,	0,	256,	0,	0;
			0,	256,	0,	1024,	0,	256,	0,	128,	256;
			256,	0,	0,	0,	0,	0,	128,	0,	256;
			0,	0,	1024,	0,	0,	0,	256,	256,	0
u =  0, 0, 0, 1, 1, 1, 2, 2, 2, 3, 3, 3, 3, 4, 4, 4, 5, 5, 5, 6, 6, 6, 6, 6, 7, 7, 7, 8, 8, 8
v =  1, 4, 7, 0, 2, 6, 1, 3, 8, 2, 4, 5, 6, 0, 3, 5, 3, 4, 6, 1, 3, 5, 7, 8, 0, 6, 8, 2, 6, 7
e =  256, 512, 256, 256, 1024, 256, 1024, 512, 1024, 512, 256, 128, 1024, 512, 256, 512, 128, 512, 256, 256, 1024, 256, 128, 256, 256, 128, 256, 1024, 256, 256
x = 0,0,0,0,0,0,0,0,0
y = 0,0,0,0,0,0,0,0,0
