[general]
path = outputs/system/

[chiplets]
chiplet_count = 8
widths = 	26,	19,	24,	17,	6,	10,	24,	15
heights = 	28,	21,	22,	15,	5,	10,	25,	18
powers = 	125,	72,	156,	70,	46,	118,	108,	55
target_reward = 0
connections = 0,	0,	0,	512,	0,	0,	256,	0;
			0,	0,	512,	1024,	0,	0,	128,	0;
			0,	512,	0,	256,	0,	128,	0,	0;
			512,	1024,	256,	0,	128,	1024,	0,	0;
			0,	0,	0,	128,	0,	128,	0,	0;
			0,	0,	128,	1024,	128,	0,	256,	128;
			256,	128,	0,	0,	0,	256,	0,	0;
			0,	0,	0,	0,	0,	128,	0,	0
u =  0, 0, 1, 1, 1, 2, 2, 2, 3, 3, 3, 3, 3, 4, 4, 5, 5, 5, 5, 5, 6, 6, 6, 7
v =  3, 6, 2, 3, 6, 1, 3, 5, 0, 1, 2, 4, 5, 3, 5, 2, 3, 4, 6, 7, 0, 1, 5, 5
e =  512, 256, 512, 1024, 128, 512, 256, 128, 512, 1024, 256, 128, 1024, 128, 128, 128, 1024, 128, 256, 128, 256, 128, 256, 128
x = 0,0,0,0,0,0,0,0
y = 0,0,0,0,0,0,0,0
