[general]
path = outputs/system/

[chiplets]
chiplet_count = 7
widths = 	29,	8,	30,	12,	20,	23,	28
heights = 	26,	8,	27,	12,	22,	19,	29
powers = 	139,	178,	171,	46,	81,	127,	64
target_reward = 0
connections = 0,	128,	256,	0,	512,	0,	1024;
			128,	0,	512,	128,	256,	0,	128;
			256,	512,	0,	0,	1024,	0,	0;
			0,	128,	0,	0,	256,	128,	0;
			512,	256,	1024,	256,	0,	128,	512;
			0,	0,	0,	128,	128,	0,	0;
			1024,	128,	0,	0,	512,	0,	0
u =  0, 0, 0, 0, 1, 1, 1, 1, 1, 2, 2, 2, 3, 3, 3, 4, 4, 4, 4, 4, 4, 5, 5, 6, 6, 6
v =  1, 2, 4, 6, 0, 2, 3, 4, 6, 0, 1, 4, 1, 4, 5, 0, 1, 2, 3, 5, 6, 3, 4, 0, 1, 4
e =  128, 256, 512, 1024, 128, 512, 128, 256, 128, 256, 512, 1024, 128, 256, 128, 512, 256, 1024, 256, 128, 512, 128, 128, 1024, 128, 512
x = 0,0,0,0,0,0,0
y = 0,0,0,0,0,0,0
