[general]
path = outputs/system/

[chiplets]
chiplet_count = 8
widths = 	4,	17,	24,	15,	16,	27,	23,	12
heights = 	5,	21,	26,	15,	16,	28,	23,	14
powers = 	17,	115,	64,	95,	102,	38,	68,	2
target_reward = 0
connections = 0,	0,	0,	0,	1024,	0,	1024,	0;
			0,	0,	256,	0,	256,	512,	0,	1024;
			0,	256,	0,	512,	128,	0,	0,	0;
			0,	0,	512,	0,	512,	128,	256,	0;
			1024,	256,	128,	512,	0,	512,	0,	0;
			0,	512,	0,	128,	512,	0,	0,	256;
			1024,	0,	0,	256,	0,	0,	0,	128;
			0,	1024,	0,	0,	0,	256,	128,	0
u =  0, 0, 1, 1, 1, 1, 2, 2, 2, 3, 3, 3, 3, 4, 4, 4, 4, 4, 5, 5, 5, 5, 6, 6, 6, 7, 7, 7
v =  4, 6, 2, 4, 5, 7, 1, 3, 4, 2, 4, 5, 6, 0, 1, 2, 3, 5, 1, 3, 4, 7, 0, 3, 7, 1, 5, 6
e =  1024, 1024, 256, 256, 512, 1024, 256, 512, 128, 512, 512, 128, 256, 1024, 256, 128, 512, 512, 512, 128, 512, 256, 1024, 256, 128, 1024, 256, 128
x = 0,0,0,0,0,0,0,0
y = 0,0,0,0,0,0,0,0
