[general]
path = outputs/system/

[chiplets]
chiplet_count = 10
widths = 	13,	28,	23,	21,	22,	10,	29,	21,	21,	15
heights = 	15,	25,	24,	19,	19,	11,	24,	21,	23,	12
powers = 	187,	68,	7,	141,	5,	52,	116,	122,	27,	174
target_reward = 0
connections = 0,	0,	0,	0,	0,	1024,	128,	0,	0,	0;
			0,	0,	0,	0,	0,	256,	0,	0,	0,	256;
			0,	0,	0,	512,	128,	128,	0,	128,	0,	128;
			0,	0,	512,	0,	1024,	128,	0,	256,	0,	0;
			0,	0,	128,	1024,	0,	0,	1024,	0,	0,	0;
			1024,	256,	128,	128,	0,	0,	0,	512,	256,	0;
			128,	0,	0,	0,	1024,	0,	0,	1024,	1024,	256;
			0,	0,	128,	256,	0,	512,	1024,	0,	0,	0;
			0,	0,	0,	0,	0,	256,	1024,	0,	0,	0;
			0,	256,	128,	0,	0,	0,	256,	0,	0,	0
u =  0, 0, 1, 1, 2, 2, 2, 2, 2, 3, 3, 3, 3, 4, 4, 4, 5, 5, 5, 5, 5, 5, 6, 6, 6, 6, 6, 7, 7, 7, 7, 8, 8, 9, 9, 9
v =  5, 6, 5, 9, 3, 4, 5, 7, 9, 2, 4, 5, 7, 2, 3, 6, 0, 1, 2, 3, 7, 8, 0, 4, 7, 8, 9, 2, 3, 5, 6, 5, 6, 1, 2, 6
e =  1024, 128, 256, 256, 512, 128, 128, 128, 128, 512, 1024, 128, 256, 128, 1024, 1024, 1024, 256, 128, 128, 512, 256, 128, 1024, 1024, 1024, 256, 128, 256, 512, 1024, 256, 1024, 256, 128, 256
x = 0,0,0,0,0,0,0,0,0,0
y = 0,0,0,0,0,0,0,0,0,0
