[general]
path = outputs/system/

[chiplets]
chiplet_count = 9
widths = 	12,	12,	15,	27,	12,	8,	29,	19,	18
heights = 	15,	12,	13,	30,	13,	8,	28,	22,	20
powers = 	78,	53,	5,	82,	23,	128,	126,	124,	121
target_reward = 0
connections = 0,	0,	0,	0,	0,	0,	0,	0,	256;
			0,	0,	512,	256,	0,	0,	0,	1024,	1024;
			0,	512,	0,	128,	0,	0,	0,	1024,	512;
			0,	256,	128,	0,	256,	512,	0,	1024,	0;
			0,	0,	0,	256,	0,	1024,	0,	0,	1024;
			0,	0,	0,	512,	1024,	0,	0,	256,	128;
			0,	0,	0,	0,	0,	0,	0,	0,	256;
			0,	1024,	1024,	1024,	0,	256,	0,	0,	0;
			256,	1024,	512,	0,	1024,	128,	256,	0,	0
u =  0, 1, 1, 1, 1, 2, 2, 2, 2, 3, 3, 3, 3, 3, 4, 4, 4, 5, 5, 5, 5, 6, 7, 7, 7, 7, 8, 8, 8, 8, 8, 8
v =  8, 2, 3, 7, 8, 1, 3, 7, 8, 1, 2, 4, 5, 7, 3, 5, 8, 3, 4, 7, 8, 8, 1, 2, 3, 5, 0, 1, 2, 4, 5, 6
e =  256, 512, 256, 1024, 1024, 512, 128, 1024, 512, 256, 128, 256, 512, 1024, 256, 1024, 1024, 512, 1024, 256, 128, 256, 1024, 1024, 1024, 256, 256, 1024, 512, 1024, 128, 256
x = 0,0,0,0,0,0,0,0,0
y = 0,0,0,0,0,0,0,0,0
