[general]
path = outputs/system/

[chiplets]
chiplet_count = 8
widths = 	22,	26,	5,	17,	24,	14,	18,	9
heights = 	24,	27,	6,	21,	26,	14,	17,	11
powers = 	147,	176,	13,	30,	103,	176,	86,	161
target_reward = 0
connections = 0,	128,	512,	256,	256,	1024,	256,	0;
			128,	0,	512,	128,	512,	0,	0,	128;
			512,	512,	0,	1024,	512,	0,	256,	1024;
			256,	128,	1024,	0,	0,	128,	1024,	256;
			256,	512,	512,	0,	0,	0,	512,	0;
			1024,	0,	0,	128,	0,	0,	128,	512;
			256,	0,	256,	1024,	512,	128,	0,	0;
			0,	128,	1024,	256,	0,	512,	0,	0
u =  0, 0, 0, 0, 0, 0, 1, 1, 1, 1, 1, 2, 2, 2, 2, 2, 2, 3, 3, 3, 3, 3, 3, 4, 4, 4, 4, 5, 5, 5, 5, 6, 6, 6, 6, 6, 7, 7, 7, 7
v =  1, 2, 3, 4, 5, 6, 0, 2, 3, 4, 7, 0, 1, 3, 4, 6, 7, 0, 1, 2, 5, 6, 7, 0, 1, 2, 6, 0, 3, 6, 7, 0, 2, 3, 4, 5, 1, 2, 3, 5
e =  128, 512, 256, 256, 1024, 256, 128, 512, 128, 512, 128, 512, 512, 1024, 512, 256, 1024, 256, 128, 1024, 128, 1024, 256, 256, 512, 512, 512, 1024, 128, 128, 512, 256, 256, 1024, 512, 128, 128, 1024, 256, 512
x = 0,0,0,0,0,0,0,0
y = 0,0,0,0,0,0,0,0
