[general]
path = outputs/system/

[chiplets]
chiplet_count = 9
widths = 	30,	23,	26,	23,	14,	18,	22,	24,	15
heights = 	25,	25,	27,	26,	12,	17,	25,	23,	18
powers = 	198,	194,	2,	127,	176,	134,	92,	149,	140
target_reward = 0
connections = 0,	0,	0,	256,	0,	0,	512,	0,	0;
			0,	0,	512,	256,	512,	0,	0,	0,	0;
			0,	512,	0,	128,	512,	256,	0,	0,	512;
			256,	256,	128,	0,	512,	512,	1024,	0,	0;
			0,	512,	512,	512,	0,	512,	1024,	0,	0;
			0,	0,	256,	512,	512,	0,	256,	256,	1024;
			512,	0,	0,	1024,	1024,	256,	0,	1024,	0;
			0,	0,	0,	0,	0,	256,	1024,	0,	0;
			0,	0,	512,	0,	0,	1024,	0,	0,	0
u =  0, 0, 1, 1, 1, 2, 2, 2, 2, 2, 3, 3, 3, 3, 3, 3, 4, 4, 4, 4, 4, 5, 5, 5, 5, 5, 5, 6, 6, 6, 6, 6, 7, 7, 8, 8
v =  3, 6, 2, 3, 4, 1, 3, 4, 5, 8, 0, 1, 2, 4, 5, 6, 1, 2, 3, 5, 6, 2, 3, 4, 6, 7, 8, 0, 3, 4, 5, 7, 5, 6, 2, 5
e =  256, 512, 512, 256, 512, 512, 128, 512, 256, 512, 256, 256, 128, 512, 512, 1024, 512, 512, 512, 512, 1024, 256, 512, 512, 256, 256, 1024, 512, 1024, 1024, 256, 1024, 256, 1024, 512, 1024
x = 0,0,0,0,0,0,0,0,0
y = 0,0,0,0,0,0,0,0,0
