[general]
path = outputs/system/

[chiplets]
chiplet_count = 10
widths = 	23,	13,	19,	20,	25,	29,	20,	26,	14,	5
heights = 	26,	11,	17,	24,	30,	25,	21,	25,	13,	4
powers = 	167,	128,	171,	29,	184,	63,	128,	57,	91,	85
target_reward = 0
connections = 0,	128,	128,	0,	0,	0,	0,	0,	0,	512;
			128,	0,	512,	0,	0,	256,	0,	0,	512,	0;
			128,	512,	0,	1024,	0,	0,	0,	512,	0,	0;
			0,	0,	1024,	0,	0,	512,	128,	0,	0,	0;
			0,	0,	0,	0,	0,	1024,	0,	0,	0,	0;
			0,	256,	0,	512,	1024,	0,	0,	0,	0,	128;
			0,	0,	0,	128,	0,	0,	0,	1024,	1024,	0;
			0,	0,	512,	0,	0,	0,	1024,	0,	256,	256;
			0,	512,	0,	0,	0,	0,	1024,	256,	0,	0;
			512,	0,	0,	0,	0,	128,	0,	256,	0,	0
u =  0, 0, 0, 1, 1, 1, 1, 2, 2, 2, 2, 3, 3, 3, 4, 5, 5, 5, 5, 6, 6, 6, 7, 7, 7, 7, 8, 8, 8, 9, 9, 9
v =  1, 2, 9, 0, 2, 5, 8, 0, 1, 3, 7, 2, 5, 6, 5, 1, 3, 4, 9, 3, 7, 8, 2, 6, 8, 9, 1, 6, 7, 0, 5, 7
e =  128, 128, 512, 128, 512, 256, 512, 128, 512, 1024, 512, 1024, 512, 128, 1024, 256, 512, 1024, 128, 128, 1024, 1024, 512, 1024, 256, 256, 512, 1024, 256, 512, 128, 256
x = 0,0,0,0,0,0,0,0,0,0
y = 0,0,0,0,0,0,0,0,0,0
