[general]
path = outputs/system/

[chiplets]
chiplet_count = 8
widths = 	18,	4,	27,	27,	29,	18,	14,	5
heights = 	20,	5,	29,	25,	30,	15,	16,	6
powers = 	93,	176,	13,	80,	30,	19,	9,	49
target_reward = 0
connections = 0,	0,	0,	256,	256,	0,	256,	0;
			0,	0,	1024,	256,	1024,	0,	128,	0;
			0,	1024,	0,	128,	256,	1024,	0,	256;
			256,	256,	128,	0,	512,	256,	256,	1024;
			256,	1024,	256,	512,	0,	0,	0,	512;
			0,	0,	1024,	256,	0,	0,	0,	0;
			256,	128,	0,	256,	0,	0,	0,	0;
			0,	0,	256,	1024,	512,	0,	0,	0
u =  0, 0, 0, 1, 1, 1, 1, 2, 2, 2, 2, 2, 3, 3, 3, 3, 3, 3, 3, 4, 4, 4, 4, 4, 5, 5, 6, 6, 6, 7, 7, 7
v =  3, 4, 6, 2, 3, 4, 6, 1, 3, 4, 5, 7, 0, 1, 2, 4, 5, 6, 7, 0, 1, 2, 3, 7, 2, 3, 0, 1, 3, 2, 3, 4
e =  256, 256, 256, 1024, 256, 1024, 128, 1024, 128, 256, 1024, 256, 256, 256, 128, 512, 256, 256, 1024, 256, 1024, 256, 512, 512, 1024, 256, 256, 128, 256, 256, 1024, 512
x = 0,0,0,0,0,0,0,0
y = 0,0,0,0,0,0,0,0
