[general]
path = outputs/system/

[chiplets]
chiplet_count = 9
widths = 	7,	29,	15,	28,	10,	14,	11,	29,	25
heights = 	8,	25,	15,	28,	8,	12,	13,	24,	29
powers = 	109,	130,	117,	132,	111,	7,	105,	142,	184
target_reward = 0
connections = 0,	256,	0,	0,	0,	512,	128,	256,	0;
			256,	0,	256,	0,	128,	0,	0,	0,	512;
			0,	256,	0,	0,	0,	1024,	0,	0,	0;
			0,	0,	0,	0,	0,	0,	0,	0,	1024;
			0,	128,	0,	0,	0,	512,	256,	256,	0;
			512,	0,	1024,	0,	512,	0,	128,	256,	256;
			128,	0,	0,	0,	256,	128,	0,	256,	0;
			256,	0,	0,	0,	256,	256,	256,	0,	0;
			0,	512,	0,	1024,	0,	256,	0,	0,	0
u =  0, 0, 0, 0, 1, 1, 1, 1, 2, 2, 3, 4, 4, 4, 4, 5, 5, 5, 5, 5, 5, 6, 6, 6, 6, 7, 7, 7, 7, 8, 8, 8
v =  1, 5, 6, 7, 0, 2, 4, 8, 1, 5, 8, 1, 5, 6, 7, 0, 2, 4, 6, 7, 8, 0, 4, 5, 7, 0, 4, 5, 6, 1, 3, 5
e =  256, 512, 128, 256, 256, 256, 128, 512, 256, 1024, 1024, 128, 512, 256, 256, 512, 1024, 512, 128, 256, 256, 128, 256, 128, 256, 256, 256, 256, 256, 512, 1024, 256
x = 0,0,0,0,0,0,0,0,0
y = 0,0,0,0,0,0,0,0,0
