[general]
path = outputs/system/

[chiplets]
chiplet_count = 9
widths = 	21,	3,	21,	13,	9,	21,	6,	22,	10
heights = 	25,	3,	22,	13,	9,	18,	6,	25,	12
powers = 	64,	28,	49,	155,	56,	98,	96,	104,	84
target_reward = 0
connections = 0,	1024,	512,	0,	256,	0,	0,	0,	0;
			1024,	0,	512,	0,	128,	128,	1024,	512,	0;
			512,	512,	0,	0,	0,	128,	256,	0,	0;
			0,	0,	0,	0,	128,	256,	0,	512,	0;
			256,	128,	0,	128,	0,	256,	0,	0,	256;
			0,	128,	128,	256,	256,	0,	1024,	256,	128;
			0,	1024,	256,	0,	0,	1024,	0,	0,	256;
			0,	512,	0,	512,	0,	256,	0,	0,	512;
			0,	0,	0,	0,	256,	128,	256,	512,	0
u =  0, 0, 0, 1, 1, 1, 1, 1, 1, 2, 2, 2, 2, 3, 3, 3, 4, 4, 4, 4, 4, 5, 5, 5, 5, 5, 5, 5, 6, 6, 6, 6, 7, 7, 7, 7, 8, 8, 8, 8
v =  1, 2, 4, 0, 2, 4, 5, 6, 7, 0, 1, 5, 6, 4, 5, 7, 0, 1, 3, 5, 8, 1, 2, 3, 4, 6, 7, 8, 1, 2, 5, 8, 1, 3, 5, 8, 4, 5, 6, 7
e =  1024, 512, 256, 1024, 512, 128, 128, 1024, 512, 512, 512, 128, 256, 128, 256, 512, 256, 128, 128, 256, 256, 128, 128, 256, 256, 1024, 256, 128, 1024, 256, 1024, 256, 512, 512, 256, 512, 256, 128, 256, 512
x = 0,0,0,0,0,0,0,0,0
y = 0,0,0,0,0,0,0,0,0
