[general]
path = outputs/system/

[chiplets]
chiplet_count = 11
widths = 	19,	23,	14,	4,	24,	24,	23,	13,	25,	4,	29
heights = 	22,	20,	14,	5,	28,	26,	28,	13,	26,	5,	26
powers = 	21,	199,	176,	160,	81,	153,	101,	190,	2,	142,	130
target_reward = 0
connections = 0,	0,	256,	0,	0,	0,	1024,	0,	0,	0,	0;
			0,	0,	512,	0,	0,	128,	0,	0,	0,	0,	256;
			256,	512,	0,	0,	0,	1024,	0,	0,	512,	0,	0;
			0,	0,	0,	0,	0,	0,	0,	0,	1024,	0,	0;
			0,	0,	0,	0,	0,	0,	256,	0,	512,	0,	512;
			0,	128,	1024,	0,	0,	0,	256,	128,	256,	0,	0;
			1024,	0,	0,	0,	256,	256,	0,	512,	0,	0,	0;
			0,	0,	0,	0,	0,	128,	512,	0,	0,	0,	256;
			0,	0,	512,	1024,	512,	256,	0,	0,	0,	512,	512;
			0,	0,	0,	0,	0,	0,	0,	0,	512,	0,	256;
			0,	256,	0,	0,	512,	0,	0,	256,	512,	256,	0
u =  0, 0, 1, 1, 1, 2, 2, 2, 2, 3, 4, 4, 4, 5, 5, 5, 5, 5, 6, 6, 6, 6, 7, 7, 7, 8, 8, 8, 8, 8, 8, 9, 9, 10, 10, 10, 10, 10
v =  2, 6, 2, 5, 10, 0, 1, 5, 8, 8, 6, 8, 10, 1, 2, 6, 7, 8, 0, 4, 5, 7, 5, 6, 10, 2, 3, 4, 5, 9, 10, 8, 10, 1, 4, 7, 8, 9
e =  256, 1024, 512, 128, 256, 256, 512, 1024, 512, 1024, 256, 512, 512, 128, 1024, 256, 128, 256, 1024, 256, 256, 512, 128, 512, 256, 512, 1024, 512, 256, 512, 512, 512, 256, 256, 512, 256, 512, 256
x = 0,0,0,0,0,0,0,0,0,0,0
y = 0,0,0,0,0,0,0,0,0,0,0
