[general]
path = outputs/system/

[chiplets]
chiplet_count = 11
widths = 	21,	26,	28,	30,	21,	29,	26,	25,	23,	14,	26
heights = 	21,	29,	28,	27,	24,	27,	28,	23,	23,	15,	25
powers = 	79,	38,	167,	65,	14,	47,	93,	187,	153,	197,	119
target_reward = 0
connections = 0,	0,	256,	0,	0,	0,	512,	0,	256,	1024,	0;
			0,	0,	0,	0,	0,	0,	0,	0,	0,	256,	0;
			256,	0,	0,	128,	0,	0,	0,	128,	0,	0,	1024;
			0,	0,	128,	0,	0,	0,	0,	0,	0,	512,	0;
			0,	0,	0,	0,	0,	0,	0,	0,	256,	1024,	256;
			0,	0,	0,	0,	0,	0,	0,	0,	0,	0,	512;
			512,	0,	0,	0,	0,	0,	0,	0,	256,	0,	0;
			0,	0,	128,	0,	0,	0,	0,	0,	512,	1024,	1024;
			256,	0,	0,	0,	256,	0,	256,	512,	0,	256,	1024;
			1024,	256,	0,	512,	1024,	0,	0,	1024,	256,	0,	128;
			0,	0,	1024,	0,	256,	512,	0,	1024,	1024,	128,	0
u =  0, 0, 0, 0, 1, 2, 2, 2, 2, 3, 3, 4, 4, 4, 5, 6, 6, 7, 7, 7, 7, 8, 8, 8, 8, 8, 8, 9, 9, 9, 9, 9, 9, 9, 10, 10, 10, 10, 10, 10
v =  2, 6, 8, 9, 9, 0, 3, 7, 10, 2, 9, 8, 9, 10, 10, 0, 8, 2, 8, 9, 10, 0, 4, 6, 7, 9, 10, 0, 1, 3, 4, 7, 8, 10, 2, 4, 5, 7, 8, 9
e =  256, 512, 256, 1024, 256, 256, 128, 128, 1024, 128, 512, 256, 1024, 256, 512, 512, 256, 128, 512, 1024, 1024, 256, 256, 256, 512, 256, 1024, 1024, 256, 512, 1024, 1024, 256, 128, 1024, 256, 512, 1024, 1024, 128
x = 0,0,0,0,0,0,0,0,0,0,0
y = 0,0,0,0,0,0,0,0,0,0,0
