[general]
path = outputs/system/

[chiplets]
chiplet_count = 8
widths = 	12,	20,	21,	27,	22,	8,	26,	14
heights = 	10,	18,	19,	30,	27,	10,	28,	12
powers = 	163,	165,	122,	197,	120,	103,	52,	68
target_reward = 0
connections = 0,	128,	256,	0,	0,	512,	0,	128;
			128,	0,	1024,	0,	0,	256,	128,	0;
			256,	1024,	0,	0,	0,	0,	0,	0;
			0,	0,	0,	0,	0,	0,	512,	0;
			0,	0,	0,	0,	0,	128,	0,	1024;
			512,	256,	0,	0,	128,	0,	512,	1024;
			0,	128,	0,	512,	0,	512,	0,	512;
			128,	0,	0,	0,	1024,	1024,	512,	0
u =  0, 0, 0, 0, 1, 1, 1, 1, 2, 2, 3, 4, 4, 5, 5, 5, 5, 5, 6, 6, 6, 6, 7, 7, 7, 7
v =  1, 2, 5, 7, 0, 2, 5, 6, 0, 1, 6, 5, 7, 0, 1, 4, 6, 7, 1, 3, 5, 7, 0, 4, 5, 6
e =  128, 256, 512, 128, 128, 1024, 256, 128, 256, 1024, 512, 128, 1024, 512, 256, 128, 512, 1024, 128, 512, 512, 512, 128, 1024, 1024, 512
x = 0,0,0,0,0,0,0,0
y = 0,0,0,0,0,0,0,0
