[general]
path = outputs/system/

[chiplets]
chiplet_count = 10
widths = 	20,	23,	19,	11,	18,	25,	28,	18,	20,	28
heights = 	23,	27,	21,	11,	19,	26,	24,	15,	20,	23
powers = 	40,	37,	172,	56,	110,	55,	45,	186,	179,	67
target_reward = 0
connections = 0,	512,	0,	256,	0,	1024,	0,	0,	0,	0;
			512,	0,	0,	256,	0,	0,	0,	0,	128,	0;
			0,	0,	0,	128,	128,	1024,	512,	0,	0,	1024;
			256,	256,	128,	0,	256,	256,	0,	0,	0,	0;
			0,	0,	128,	256,	0,	128,	512,	256,	0,	0;
			1024,	0,	1024,	256,	128,	0,	0,	0,	0,	0;
			0,	0,	512,	0,	512,	0,	0,	0,	0,	512;
			0,	0,	0,	0,	256,	0,	0,	0,	0,	512;
			0,	128,	0,	0,	0,	0,	0,	0,	0,	0;
			0,	0,	1024,	0,	0,	0,	512,	512,	0,	0
u =  0, 0, 0, 1, 1, 1, 2, 2, 2, 2, 2, 3, 3, 3, 3, 3, 4, 4, 4, 4, 4, 5, 5, 5, 5, 6, 6, 6, 7, 7, 8, 9, 9, 9
v =  1, 3, 5, 0, 3, 8, 3, 4, 5, 6, 9, 0, 1, 2, 4, 5, 2, 3, 5, 6, 7, 0, 2, 3, 4, 2, 4, 9, 4, 9, 1, 2, 6, 7
e =  512, 256, 1024, 512, 256, 128, 128, 128, 1024, 512, 1024, 256, 256, 128, 256, 256, 128, 256, 128, 512, 256, 1024, 1024, 256, 128, 512, 512, 512, 256, 512, 128, 1024, 512, 512
x = 0,0,0,0,0,0,0,0,0,0
y = 0,0,0,0,0,0,0,0,0,0
