[general]
path = outputs/system/

[chiplets]
chiplet_count = 6
widths = 	27,	28,	28,	22,	20,	13
heights = 	22,	24,	30,	24,	22,	15
powers = 	198,	1,	102,	71,	84,	80
target_reward = 0
connections = 0,	128,	256,	1024,	0,	1024;
			128,	0,	128,	512,	256,	0;
			256,	128,	0,	512,	0,	1024;
			1024,	512,	512,	0,	128,	128;
			0,	256,	0,	128,	0,	256;
			1024,	0,	1024,	128,	256,	0
u =  0, 0, 0, 0, 1, 1, 1, 1, 2, 2, 2, 2, 3, 3, 3, 3, 3, 4, 4, 4, 5, 5, 5, 5
v =  1, 2, 3, 5, 0, 2, 3, 4, 0, 1, 3, 5, 0, 1, 2, 4, 5, 1, 3, 5, 0, 2, 3, 4
e =  128, 256, 1024, 1024, 128, 128, 512, 256, 256, 128, 512, 1024, 1024, 512, 512, 128, 128, 256, 128, 256, 1024, 1024, 128, 256
x = 0,0,0,0,0,0
y = 0,0,0,0,0,0
