[general]
path = outputs/system/

[chiplets]
chiplet_count = 9
widths = 	19,	30,	29,	17,	26,	21,	21,	20,	26
heights = 	23,	24,	29,	15,	28,	19,	18,	22,	22
powers = 	175,	94,	169,	84,	3,	34,	175,	36,	142
target_reward = 0
connections = 0,	0,	128,	512,	0,	0,	0,	0,	0;
			0,	0,	256,	0,	0,	0,	0,	0,	0;
			128,	256,	0,	1024,	1024,	0,	0,	0,	0;
			512,	0,	1024,	0,	128,	256,	1024,	0,	0;
			0,	0,	1024,	128,	0,	1024,	0,	1024,	0;
			0,	0,	0,	256,	1024,	0,	256,	0,	512;
			0,	0,	0,	1024,	0,	256,	0,	0,	1024;
			0,	0,	0,	0,	1024,	0,	0,	0,	0;
			0,	0,	0,	0,	0,	512,	1024,	0,	0
u =  0, 0, 1, 2, 2, 2, 2, 3, 3, 3, 3, 3, 4, 4, 4, 4, 5, 5, 5, 5, 6, 6, 6, 7, 8, 8
v =  2, 3, 2, 0, 1, 3, 4, 0, 2, 4, 5, 6, 2, 3, 5, 7, 3, 4, 6, 8, 3, 5, 8, 4, 5, 6
e =  128, 512, 256, 128, 256, 1024, 1024, 512, 1024, 128, 256, 1024, 1024, 128, 1024, 1024, 256, 1024, 256, 512, 1024, 256, 1024, 1024, 512, 1024
x = 0,0,0,0,0,0,0,0,0
y = 0,0,0,0,0,0,0,0,0
