[general]
path = outputs/system/

[chiplets]
chiplet_count = 11
widths = 	11,	26,	6,	22,	19,	21,	12,	22,	20,	22,	26
heights = 	12,	27,	7,	18,	18,	21,	14,	21,	23,	18,	26
powers = 	102,	190,	100,	5,	107,	57,	185,	38,	146,	103,	31
target_reward = 0
connections = 0,	0,	0,	0,	0,	0,	0,	0,	256,	0,	1024;
			0,	0,	512,	256,	0,	0,	256,	0,	0,	0,	0;
			0,	512,	0,	0,	512,	0,	0,	0,	128,	0,	0;
			0,	256,	0,	0,	512,	256,	0,	0,	0,	128,	512;
			0,	0,	512,	512,	0,	256,	0,	0,	0,	128,	0;
			0,	0,	0,	256,	256,	0,	0,	0,	0,	0,	0;
			0,	256,	0,	0,	0,	0,	0,	1024,	128,	0,	128;
			0,	0,	0,	0,	0,	0,	1024,	0,	256,	0,	0;
			256,	0,	128,	0,	0,	0,	128,	256,	0,	0,	0;
			0,	0,	0,	128,	128,	0,	0,	0,	0,	0,	0;
			1024,	0,	0,	512,	0,	0,	128,	0,	0,	0,	0
u =  0, 0, 1, 1, 1, 2, 2, 2, 3, 3, 3, 3, 3, 4, 4, 4, 4, 5, 5, 6, 6, 6, 6, 7, 7, 8, 8, 8, 8, 9, 9, 10, 10, 10
v =  8, 10, 2, 3, 6, 1, 4, 8, 1, 4, 5, 9, 10, 2, 3, 5, 9, 3, 4, 1, 7, 8, 10, 6, 8, 0, 2, 6, 7, 3, 4, 0, 3, 6
e =  256, 1024, 512, 256, 256, 512, 512, 128, 256, 512, 256, 128, 512, 512, 512, 256, 128, 256, 256, 256, 1024, 128, 128, 1024, 256, 256, 128, 128, 256, 128, 128, 1024, 512, 128
x = 0,0,0,0,0,0,0,0,0,0,0
y = 0,0,0,0,0,0,0,0,0,0,0
