[general]
path = outputs/system/

[chiplets]
chiplet_count = 8
widths = 	30,	13,	11,	20,	15,	8,	29,	10
heights = 	30,	14,	12,	23,	12,	8,	26,	11
powers = 	104,	153,	39,	103,	100,	6,	96,	85
target_reward = 0
connections = 0,	256,	512,	0,	0,	0,	0,	256;
			256,	0,	0,	512,	0,	0,	0,	1024;
			512,	0,	0,	0,	0,	0,	512,	1024;
			0,	512,	0,	0,	256,	512,	0,	0;
			0,	0,	0,	256,	0,	1024,	512,	128;
			0,	0,	0,	512,	1024,	0,	256,	0;
			0,	0,	512,	0,	512,	256,	0,	0;
			256,	1024,	1024,	0,	128,	0,	0,	0
u =  0, 0, 0, 1, 1, 1, 2, 2, 2, 3, 3, 3, 4, 4, 4, 4, 5, 5, 5, 6, 6, 6, 7, 7, 7, 7
v =  1, 2, 7, 0, 3, 7, 0, 6, 7, 1, 4, 5, 3, 5, 6, 7, 3, 4, 6, 2, 4, 5, 0, 1, 2, 4
e =  256, 512, 256, 256, 512, 1024, 512, 512, 1024, 512, 256, 512, 256, 1024, 512, 128, 512, 1024, 256, 512, 512, 256, 256, 1024, 1024, 128
x = 0,0,0,0,0,0,0,0
y = 0,0,0,0,0,0,0,0
