[general]
path = outputs/system/

[chiplets]
chiplet_count = 7
widths = 	24,	14,	26,	14,	16,	21,	11
heights = 	21,	13,	30,	16,	15,	26,	11
powers = 	23,	17,	106,	148,	142,	14,	17
target_reward = 0
connections = 0,	0,	0,	256,	256,	256,	0;
			0,	0,	128,	1024,	512,	0,	0;
			0,	128,	0,	0,	0,	512,	0;
			256,	1024,	0,	0,	512,	256,	128;
			256,	512,	0,	512,	0,	128,	256;
			256,	0,	512,	256,	128,	0,	256;
			0,	0,	0,	128,	256,	256,	0
u =  0, 0, 0, 1, 1, 1, 2, 2, 3, 3, 3, 3, 3, 4, 4, 4, 4, 4, 5, 5, 5, 5, 5, 6, 6, 6
v =  3, 4, 5, 2, 3, 4, 1, 5, 0, 1, 4, 5, 6, 0, 1, 3, 5, 6, 0, 2, 3, 4, 6, 3, 4, 5
e =  256, 256, 256, 128, 1024, 512, 128, 512, 256, 1024, 512, 256, 128, 256, 512, 512, 128, 256, 256, 512, 256, 128, 256, 128, 256, 256
x = 0,0,0,0,0,0,0
y = 0,0,0,0,0,0,0
