[general]
path = outputs/system/

[chiplets]
chiplet_count = 8
widths = 	30,	29,	19,	23,	24,	20,	18,	16
heights = 	28,	30,	23,	22,	25,	16,	20,	13
powers = 	98,	119,	160,	7,	130,	195,	58,	145
target_reward = 0
connections = 0,	0,	0,	0,	0,	1024,	0,	0;
			0,	0,	256,	0,	0,	0,	256,	0;
			0,	256,	0,	0,	0,	0,	1024,	128;
			0,	0,	0,	0,	1024,	0,	128,	0;
			0,	0,	0,	1024,	0,	128,	1024,	512;
			1024,	0,	0,	0,	128,	0,	256,	1024;
			0,	256,	1024,	128,	1024,	256,	0,	1024;
			0,	0,	128,	0,	512,	1024,	1024,	0
u =  0, 1, 1, 2, 2, 2, 3, 3, 4, 4, 4, 4, 5, 5, 5, 5, 6, 6, 6, 6, 6, 6, 7, 7, 7, 7
v =  5, 2, 6, 1, 6, 7, 4, 6, 3, 5, 6, 7, 0, 4, 6, 7, 1, 2, 3, 4, 5, 7, 2, 4, 5, 6
e =  1024, 256, 256, 256, 1024, 128, 1024, 128, 1024, 128, 1024, 512, 1024, 128, 256, 1024, 256, 1024, 128, 1024, 256, 1024, 128, 512, 1024, 1024
x = 0,0,0,0,0,0,0,0
y = 0,0,0,0,0,0,0,0
