[general]
path = outputs/system/

[chiplets]
chiplet_count = 7
widths = 	9,	27,	6,	25,	17,	16,	26
heights = 	10,	30,	7,	21,	19,	19,	25
powers = 	158,	41,	168,	133,	92,	41,	171
target_reward = 0
connections = 0,	256,	0,	1024,	512,	0,	0;
			256,	0,	0,	512,	256,	128,	0;
			0,	0,	0,	0,	128,	512,	0;
			1024,	512,	0,	0,	0,	128,	512;
			512,	256,	128,	0,	0,	0,	1024;
			0,	128,	512,	128,	0,	0,	128;
			0,	0,	0,	512,	1024,	128,	0
u =  0, 0, 0, 1, 1, 1, 1, 2, 2, 3, 3, 3, 3, 4, 4, 4, 4, 5, 5, 5, 5, 6, 6, 6
v =  1, 3, 4, 0, 3, 4, 5, 4, 5, 0, 1, 5, 6, 0, 1, 2, 6, 1, 2, 3, 6, 3, 4, 5
e =  256, 1024, 512, 256, 512, 256, 128, 128, 512, 1024, 512, 128, 512, 512, 256, 128, 1024, 128, 512, 128, 128, 512, 1024, 128
x = 0,0,0,0,0,0,0
y = 0,0,0,0,0,0,0
