[general]
path = outputs/system/

[chiplets]
chiplet_count = 7
widths = 	24,	27,	24,	24,	15,	13,	27
heights = 	28,	30,	20,	25,	13,	14,	24
powers = 	39,	187,	126,	152,	152,	138,	7
target_reward = 0
connections = 0,	0,	256,	128,	256,	0,	0;
			0,	0,	1024,	0,	0,	0,	512;
			256,	1024,	0,	0,	128,	128,	256;
			128,	0,	0,	0,	1024,	1024,	0;
			256,	0,	128,	1024,	0,	128,	1024;
			0,	0,	128,	1024,	128,	0,	256;
			0,	512,	256,	0,	1024,	256,	0
u =  0, 0, 0, 1, 1, 2, 2, 2, 2, 2, 3, 3, 3, 4, 4, 4, 4, 4, 5, 5, 5, 5, 6, 6, 6, 6
v =  2, 3, 4, 2, 6, 0, 1, 4, 5, 6, 0, 4, 5, 0, 2, 3, 5, 6, 2, 3, 4, 6, 1, 2, 4, 5
e =  256, 128, 256, 1024, 512, 256, 1024, 128, 128, 256, 128, 1024, 1024, 256, 128, 1024, 128, 1024, 128, 1024, 128, 256, 512, 256, 1024, 256
x = 0,0,0,0,0,0,0
y = 0,0,0,0,0,0,0
