[general]
path = outputs/system/

[chiplets]
chiplet_count = 9
widths = 	21,	22,	22,	21,	17,	4,	30,	20,	30
heights = 	24,	23,	25,	23,	15,	4,	28,	19,	26
powers = 	174,	155,	87,	66,	67,	58,	33,	139,	38
target_reward = 0
connections = 0,	1024,	128,	256,	0,	0,	0,	128,	128;
			1024,	0,	512,	512,	0,	0,	1024,	0,	1024;
			128,	512,	0,	0,	1024,	0,	0,	256,	1024;
			256,	512,	0,	0,	512,	1024,	1024,	1024,	0;
			0,	0,	1024,	512,	0,	0,	0,	512,	0;
			0,	0,	0,	1024,	0,	0,	0,	0,	0;
			0,	1024,	0,	1024,	0,	0,	0,	0,	0;
			128,	0,	256,	1024,	512,	0,	0,	0,	0;
			128,	1024,	1024,	0,	0,	0,	0,	0,	0
u =  0, 0, 0, 0, 0, 1, 1, 1, 1, 1, 2, 2, 2, 2, 2, 3, 3, 3, 3, 3, 3, 4, 4, 4, 5, 6, 6, 7, 7, 7, 7, 8, 8, 8
v =  1, 2, 3, 7, 8, 0, 2, 3, 6, 8, 0, 1, 4, 7, 8, 0, 1, 4, 5, 6, 7, 2, 3, 7, 3, 1, 3, 0, 2, 3, 4, 0, 1, 2
e =  1024, 128, 256, 128, 128, 1024, 512, 512, 1024, 1024, 128, 512, 1024, 256, 1024, 256, 512, 512, 1024, 1024, 1024, 1024, 512, 512, 1024, 1024, 1024, 128, 256, 1024, 512, 128, 1024, 1024
x = 0,0,0,0,0,0,0,0,0
y = 0,0,0,0,0,0,0,0,0
