[general]
path = outputs/system/

[chiplets]
chiplet_count = 8
widths = 	25,	24,	15,	24,	21,	20,	14,	15
heights = 	27,	23,	15,	23,	24,	24,	17,	13
powers = 	114,	158,	177,	116,	137,	90,	194,	86
target_reward = 0
connections = 0,	0,	0,	256,	0,	0,	0,	0;
			0,	0,	0,	256,	128,	0,	256,	0;
			0,	0,	0,	1024,	128,	1024,	0,	0;
			256,	256,	1024,	0,	1024,	1024,	0,	0;
			0,	128,	128,	1024,	0,	128,	0,	512;
			0,	0,	1024,	1024,	128,	0,	512,	128;
			0,	256,	0,	0,	0,	512,	0,	0;
			0,	0,	0,	0,	512,	128,	0,	0
u =  0, 1, 1, 1, 2, 2, 2, 3, 3, 3, 3, 3, 4, 4, 4, 4, 4, 5, 5, 5, 5, 5, 6, 6, 7, 7
v =  3, 3, 4, 6, 3, 4, 5, 0, 1, 2, 4, 5, 1, 2, 3, 5, 7, 2, 3, 4, 6, 7, 1, 5, 4, 5
e =  256, 256, 128, 256, 1024, 128, 1024, 256, 256, 1024, 1024, 1024, 128, 128, 1024, 128, 512, 1024, 1024, 128, 512, 128, 256, 512, 512, 128
x = 0,0,0,0,0,0,0,0
y = 0,0,0,0,0,0,0,0
