[general]
path = outputs/system/

[chiplets]
chiplet_count = 9
widths = 	19,	20,	11,	20,	12,	13,	4,	18,	13
heights = 	19,	16,	12,	18,	11,	12,	4,	15,	11
powers = 	39,	89,	135,	76,	155,	168,	46,	22,	197
target_reward = 0
connections = 0,	0,	0,	0,	1024,	128,	0,	0,	0;
			0,	0,	256,	1024,	0,	0,	0,	0,	512;
			0,	256,	0,	0,	128,	256,	1024,	0,	0;
			0,	1024,	0,	0,	128,	1024,	1024,	512,	0;
			1024,	0,	128,	128,	0,	1024,	512,	256,	0;
			128,	0,	256,	1024,	1024,	0,	0,	0,	0;
			0,	0,	1024,	1024,	512,	0,	0,	128,	1024;
			0,	0,	0,	512,	256,	0,	128,	0,	1024;
			0,	512,	0,	0,	0,	0,	1024,	1024,	0
u =  0, 0, 1, 1, 1, 2, 2, 2, 2, 3, 3, 3, 3, 3, 4, 4, 4, 4, 4, 4, 5, 5, 5, 5, 6, 6, 6, 6, 6, 7, 7, 7, 7, 8, 8, 8
v =  4, 5, 2, 3, 8, 1, 4, 5, 6, 1, 4, 5, 6, 7, 0, 2, 3, 5, 6, 7, 0, 2, 3, 4, 2, 3, 4, 7, 8, 3, 4, 6, 8, 1, 6, 7
e =  1024, 128, 256, 1024, 512, 256, 128, 256, 1024, 1024, 128, 1024, 1024, 512, 1024, 128, 128, 1024, 512, 256, 128, 256, 1024, 1024, 1024, 1024, 512, 128, 1024, 512, 256, 128, 1024, 512, 1024, 1024
x = 0,0,0,0,0,0,0,0,0
y = 0,0,0,0,0,0,0,0,0
