[general]
path = outputs/system/

[chiplets]
chiplet_count = 9
widths = 	26,	27,	23,	25,	21,	15,	20,	21,	17
heights = 	25,	22,	25,	25,	23,	13,	21,	21,	14
powers = 	9,	176,	195,	131,	118,	55,	140,	101,	23
target_reward = 0
connections = 0,	0,	1024,	0,	0,	0,	0,	0,	0;
			0,	0,	0,	0,	0,	128,	0,	0,	0;
			1024,	0,	0,	512,	128,	0,	0,	0,	1024;
			0,	0,	512,	0,	256,	1024,	0,	512,	0;
			0,	0,	128,	256,	0,	256,	0,	0,	0;
			0,	128,	0,	1024,	256,	0,	512,	0,	128;
			0,	0,	0,	0,	0,	512,	0,	0,	512;
			0,	0,	0,	512,	0,	0,	0,	0,	0;
			0,	0,	1024,	0,	0,	128,	512,	0,	0
u =  0, 1, 2, 2, 2, 2, 3, 3, 3, 3, 4, 4, 4, 5, 5, 5, 5, 5, 6, 6, 7, 8, 8, 8
v =  2, 5, 0, 3, 4, 8, 2, 4, 5, 7, 2, 3, 5, 1, 3, 4, 6, 8, 5, 8, 3, 2, 5, 6
e =  1024, 128, 1024, 512, 128, 1024, 512, 256, 1024, 512, 128, 256, 256, 128, 1024, 256, 512, 128, 512, 512, 512, 1024, 128, 512
x = 0,0,0,0,0,0,0,0,0
y = 0,0,0,0,0,0,0,0,0
