[general]
path = outputs/system/

[chiplets]
chiplet_count = 8
widths = 	21,	6,	10,	17,	29,	27,	28,	27
heights = 	19,	5,	9,	15,	29,	26,	23,	29
powers = 	68,	46,	164,	185,	167,	138,	188,	116
target_reward = 0
connections = 0,	0,	512,	128,	0,	0,	0,	0;
			0,	0,	512,	1024,	0,	128,	512,	0;
			512,	512,	0,	256,	1024,	0,	256,	0;
			128,	1024,	256,	0,	512,	0,	128,	0;
			0,	0,	1024,	512,	0,	0,	128,	256;
			0,	128,	0,	0,	0,	0,	0,	0;
			0,	512,	256,	128,	128,	0,	0,	0;
			0,	0,	0,	0,	256,	0,	0,	0
u =  0, 0, 1, 1, 1, 1, 2, 2, 2, 2, 2, 3, 3, 3, 3, 3, 4, 4, 4, 4, 5, 6, 6, 6, 6, 7
v =  2, 3, 2, 3, 5, 6, 0, 1, 3, 4, 6, 0, 1, 2, 4, 6, 2, 3, 6, 7, 1, 1, 2, 3, 4, 4
e =  512, 128, 512, 1024, 128, 512, 512, 512, 256, 1024, 256, 128, 1024, 256, 512, 128, 1024, 512, 128, 256, 128, 512, 256, 128, 128, 256
x = 0,0,0,0,0,0,0,0
y = 0,0,0,0,0,0,0,0
