[general]
path = outputs/system/

[chiplets]
chiplet_count = 9
widths = 	3,	9,	11,	11,	16,	25,	30,	26,	22
heights = 	3,	9,	13,	11,	14,	23,	28,	21,	24
powers = 	12,	17,	75,	142,	114,	179,	68,	54,	134
target_reward = 0
connections = 0,	0,	256,	0,	1024,	1024,	512,	0,	0;
			0,	0,	256,	512,	256,	0,	256,	0,	128;
			256,	256,	0,	128,	256,	0,	0,	256,	128;
			0,	512,	128,	0,	256,	0,	0,	0,	512;
			1024,	256,	256,	256,	0,	0,	256,	0,	128;
			1024,	0,	0,	0,	0,	0,	0,	0,	512;
			512,	256,	0,	0,	256,	0,	0,	1024,	0;
			0,	0,	256,	0,	0,	0,	1024,	0,	0;
			0,	128,	128,	512,	128,	512,	0,	0,	0
u =  0, 0, 0, 0, 1, 1, 1, 1, 1, 2, 2, 2, 2, 2, 2, 3, 3, 3, 3, 4, 4, 4, 4, 4, 4, 5, 5, 6, 6, 6, 6, 7, 7, 8, 8, 8, 8, 8
v =  2, 4, 5, 6, 2, 3, 4, 6, 8, 0, 1, 3, 4, 7, 8, 1, 2, 4, 8, 0, 1, 2, 3, 6, 8, 0, 8, 0, 1, 4, 7, 2, 6, 1, 2, 3, 4, 5
e =  256, 1024, 1024, 512, 256, 512, 256, 256, 128, 256, 256, 128, 256, 256, 128, 512, 128, 256, 512, 1024, 256, 256, 256, 256, 128, 1024, 512, 512, 256, 256, 1024, 256, 1024, 128, 128, 512, 128, 512
x = 0,0,0,0,0,0,0,0,0
y = 0,0,0,0,0,0,0,0,0
