[general]
path = outputs/system/

[chiplets]
chiplet_count = 10
widths = 	25,	5,	13,	15,	28,	22,	20,	9,	22,	22
heights = 	23,	4,	15,	18,	28,	23,	21,	11,	25,	27
powers = 	160,	191,	178,	138,	181,	21,	62,	96,	14,	109
target_reward = 0
connections = 0,	0,	0,	0,	0,	0,	256,	0,	0,	0;
			0,	0,	0,	0,	256,	1024,	0,	0,	0,	0;
			0,	0,	0,	0,	0,	0,	0,	128,	0,	256;
			0,	0,	0,	0,	0,	1024,	0,	0,	256,	0;
			0,	256,	0,	0,	0,	128,	1024,	256,	1024,	128;
			0,	1024,	0,	1024,	128,	0,	0,	0,	128,	0;
			256,	0,	0,	0,	1024,	0,	0,	0,	0,	512;
			0,	0,	128,	0,	256,	0,	0,	0,	512,	0;
			0,	0,	0,	256,	1024,	128,	0,	512,	0,	0;
			0,	0,	256,	0,	128,	0,	512,	0,	0,	0
u =  0, 1, 1, 2, 2, 3, 3, 4, 4, 4, 4, 4, 4, 5, 5, 5, 5, 6, 6, 6, 7, 7, 7, 8, 8, 8, 8, 9, 9, 9
v =  6, 4, 5, 7, 9, 5, 8, 1, 5, 6, 7, 8, 9, 1, 3, 4, 8, 0, 4, 9, 2, 4, 8, 3, 4, 5, 7, 2, 4, 6
e =  256, 256, 1024, 128, 256, 1024, 256, 256, 128, 1024, 256, 1024, 128, 1024, 1024, 128, 128, 256, 1024, 512, 128, 256, 512, 256, 1024, 128, 512, 256, 128, 512
x = 0,0,0,0,0,0,0,0,0,0
y = 0,0,0,0,0,0,0,0,0,0
