[general]
path = outputs/system/

[chiplets]
chiplet_count = 10
widths = 	17,	15,	9,	30,	13,	29,	14,	5,	27,	25
heights = 	18,	15,	11,	30,	12,	27,	13,	4,	22,	25
powers = 	13,	104,	95,	167,	8,	102,	120,	12,	51,	187
target_reward = 0
connections = 0,	1024,	512,	1024,	0,	0,	1024,	0,	0,	0;
			1024,	0,	0,	0,	512,	128,	128,	128,	128,	128;
			512,	0,	0,	1024,	256,	0,	0,	128,	0,	0;
			1024,	0,	1024,	0,	512,	512,	0,	0,	1024,	0;
			0,	512,	256,	512,	0,	1024,	0,	0,	128,	0;
			0,	128,	0,	512,	1024,	0,	0,	0,	0,	0;
			1024,	128,	0,	0,	0,	0,	0,	512,	0,	0;
			0,	128,	128,	0,	0,	0,	512,	0,	0,	0;
			0,	128,	0,	1024,	128,	0,	0,	0,	0,	0;
			0,	128,	0,	0,	0,	0,	0,	0,	0,	0
u =  0, 0, 0, 0, 1, 1, 1, 1, 1, 1, 1, 2, 2, 2, 2, 3, 3, 3, 3, 3, 4, 4, 4, 4, 4, 5, 5, 5, 6, 6, 6, 7, 7, 7, 8, 8, 8, 9
v =  1, 2, 3, 6, 0, 4, 5, 6, 7, 8, 9, 0, 3, 4, 7, 0, 2, 4, 5, 8, 1, 2, 3, 5, 8, 1, 3, 4, 0, 1, 7, 1, 2, 6, 1, 3, 4, 1
e =  1024, 512, 1024, 1024, 1024, 512, 128, 128, 128, 128, 128, 512, 1024, 256, 128, 1024, 1024, 512, 512, 1024, 512, 256, 512, 1024, 128, 128, 512, 1024, 1024, 128, 512, 128, 128, 512, 128, 1024, 128, 128
x = 0,0,0,0,0,0,0,0,0,0
y = 0,0,0,0,0,0,0,0,0,0
