[general]
path = outputs/system/

[chiplets]
chiplet_count = 8
widths = 	24,	30,	24,	18,	10,	23,	14,	19
heights = 	26,	30,	24,	18,	12,	26,	17,	19
powers = 	70,	89,	168,	3,	42,	61,	27,	57
target_reward = 0
connections = 0,	0,	0,	0,	0,	0,	128,	0;
			0,	0,	1024,	256,	0,	1024,	0,	512;
			0,	1024,	0,	1024,	0,	512,	0,	0;
			0,	256,	1024,	0,	0,	256,	0,	1024;
			0,	0,	0,	0,	0,	1024,	256,	0;
			0,	1024,	512,	256,	1024,	0,	128,	1024;
			128,	0,	0,	0,	256,	128,	0,	0;
			0,	512,	0,	1024,	0,	1024,	0,	0
u =  0, 1, 1, 1, 1, 2, 2, 2, 3, 3, 3, 3, 4, 4, 5, 5, 5, 5, 5, 5, 6, 6, 6, 7, 7, 7
v =  6, 2, 3, 5, 7, 1, 3, 5, 1, 2, 5, 7, 5, 6, 1, 2, 3, 4, 6, 7, 0, 4, 5, 1, 3, 5
e =  128, 1024, 256, 1024, 512, 1024, 1024, 512, 256, 1024, 256, 1024, 1024, 256, 1024, 512, 256, 1024, 128, 1024, 128, 256, 128, 512, 1024, 1024
x = 0,0,0,0,0,0,0,0
y = 0,0,0,0,0,0,0,0
