[general]
path = outputs/system/

[chiplets]
chiplet_count = 7
widths = 	16,	30,	27,	27,	14,	13,	3
heights = 	18,	28,	23,	30,	15,	16,	3
powers = 	87,	65,	168,	65,	88,	190,	200
target_reward = 0
connections = 0,	1024,	128,	0,	128,	1024,	0;
			1024,	0,	1024,	1024,	1024,	0,	0;
			128,	1024,	0,	0,	0,	0,	128;
			0,	1024,	0,	0,	512,	128,	128;
			128,	1024,	0,	512,	0,	1024,	128;
			1024,	0,	0,	128,	1024,	0,	0;
			0,	0,	128,	128,	128,	0,	0
u =  0, 0, 0, 0, 1, 1, 1, 1, 2, 2, 2, 3, 3, 3, 3, 4, 4, 4, 4, 4, 5, 5, 5, 6, 6, 6
v =  1, 2, 4, 5, 0, 2, 3, 4, 0, 1, 6, 1, 4, 5, 6, 0, 1, 3, 5, 6, 0, 3, 4, 2, 3, 4
e =  1024, 128, 128, 1024, 1024, 1024, 1024, 1024, 128, 1024, 128, 1024, 512, 128, 128, 128, 1024, 512, 1024, 128, 1024, 128, 1024, 128, 128, 128
x = 0,0,0,0,0,0,0
y = 0,0,0,0,0,0,0
