[general]
path = outputs/system/

[chiplets]
chiplet_count = 9
widths = 	17,	25,	17,	18,	18,	25,	4,	17,	27
heights = 	17,	24,	16,	16,	19,	27,	5,	15,	24
powers = 	155,	127,	193,	193,	106,	64,	128,	188,	117
target_reward = 0
connections = 0,	0,	512,	0,	0,	0,	0,	0,	128;
			0,	0,	0,	0,	0,	0,	0,	128,	256;
			512,	0,	0,	1024,	0,	0,	0,	0,	0;
			0,	0,	1024,	0,	512,	512,	0,	0,	128;
			0,	0,	0,	512,	0,	128,	512,	256,	0;
			0,	0,	0,	512,	128,	0,	256,	1024,	1024;
			0,	0,	0,	0,	512,	256,	0,	0,	512;
			0,	128,	0,	0,	256,	1024,	0,	0,	512;
			128,	256,	0,	128,	0,	1024,	512,	512,	0
u =  0, 0, 1, 1, 2, 2, 3, 3, 3, 3, 4, 4, 4, 4, 5, 5, 5, 5, 5, 6, 6, 6, 7, 7, 7, 7, 8, 8, 8, 8, 8, 8
v =  2, 8, 7, 8, 0, 3, 2, 4, 5, 8, 3, 5, 6, 7, 3, 4, 6, 7, 8, 4, 5, 8, 1, 4, 5, 8, 0, 1, 3, 5, 6, 7
e =  512, 128, 128, 256, 512, 1024, 1024, 512, 512, 128, 512, 128, 512, 256, 512, 128, 256, 1024, 1024, 512, 256, 512, 128, 256, 1024, 512, 128, 256, 128, 1024, 512, 512
x = 0,0,0,0,0,0,0,0,0
y = 0,0,0,0,0,0,0,0,0
