[general]
path = outputs/system/

[chiplets]
chiplet_count = 8
widths = 	22,	27,	18,	20,	17,	30,	16,	13
heights = 	25,	24,	18,	23,	17,	27,	16,	11
powers = 	139,	116,	123,	189,	128,	103,	157,	70
target_reward = 0
connections = 0,	256,	512,	128,	0,	0,	0,	128;
			256,	0,	256,	0,	0,	128,	0,	0;
			512,	256,	0,	512,	0,	0,	0,	0;
			128,	0,	512,	0,	1024,	0,	0,	1024;
			0,	0,	0,	1024,	0,	512,	0,	0;
			0,	128,	0,	0,	512,	0,	1024,	128;
			0,	0,	0,	0,	0,	1024,	0,	512;
			128,	0,	0,	1024,	0,	128,	512,	0
u =  0, 0, 0, 0, 1, 1, 1, 2, 2, 2, 3, 3, 3, 3, 4, 4, 5, 5, 5, 5, 6, 6, 7, 7, 7, 7
v =  1, 2, 3, 7, 0, 2, 5, 0, 1, 3, 0, 2, 4, 7, 3, 5, 1, 4, 6, 7, 5, 7, 0, 3, 5, 6
e =  256, 512, 128, 128, 256, 256, 128, 512, 256, 512, 128, 512, 1024, 1024, 1024, 512, 128, 512, 1024, 128, 1024, 512, 128, 1024, 128, 512
x = 0,0,0,0,0,0,0,0
y = 0,0,0,0,0,0,0,0
