[general]
path = outputs/system/

[chiplets]
chiplet_count = 8
widths = 	8,	12,	6,	28,	25,	21,	8,	29
heights = 	8,	12,	7,	27,	21,	18,	7,	28
powers = 	57,	164,	39,	86,	11,	15,	6,	72
target_reward = 0
connections = 0,	512,	256,	0,	0,	0,	0,	0;
			512,	0,	0,	1024,	256,	0,	0,	256;
			256,	0,	0,	512,	512,	0,	0,	0;
			0,	1024,	512,	0,	1024,	512,	512,	0;
			0,	256,	512,	1024,	0,	128,	0,	0;
			0,	0,	0,	512,	128,	0,	0,	1024;
			0,	0,	0,	512,	0,	0,	0,	128;
			0,	256,	0,	0,	0,	1024,	128,	0
u =  0, 0, 1, 1, 1, 1, 2, 2, 2, 3, 3, 3, 3, 3, 4, 4, 4, 4, 5, 5, 5, 6, 6, 7, 7, 7
v =  1, 2, 0, 3, 4, 7, 0, 3, 4, 1, 2, 4, 5, 6, 1, 2, 3, 5, 3, 4, 7, 3, 7, 1, 5, 6
e =  512, 256, 512, 1024, 256, 256, 256, 512, 512, 1024, 512, 1024, 512, 512, 256, 512, 1024, 128, 512, 128, 1024, 512, 128, 256, 1024, 128
x = 0,0,0,0,0,0,0,0
y = 0,0,0,0,0,0,0,0
