[general]
path = outputs/system/

[chiplets]
chiplet_count = 8
widths = 	23,	20,	22,	23,	10,	28,	21,	22
heights = 	23,	20,	19,	25,	8,	23,	19,	20
powers = 	199,	74,	60,	185,	38,	94,	129,	167
target_reward = 0
connections = 0,	0,	1024,	1024,	256,	0,	512,	0;
			0,	0,	256,	1024,	256,	0,	0,	0;
			1024,	256,	0,	1024,	0,	512,	512,	256;
			1024,	1024,	1024,	0,	0,	0,	0,	0;
			256,	256,	0,	0,	0,	256,	128,	0;
			0,	0,	512,	0,	256,	0,	256,	0;
			512,	0,	512,	0,	128,	256,	0,	1024;
			0,	0,	256,	0,	0,	0,	1024,	0
u =  0, 0, 0, 0, 1, 1, 1, 2, 2, 2, 2, 2, 2, 3, 3, 3, 4, 4, 4, 4, 5, 5, 5, 6, 6, 6, 6, 6, 7, 7
v =  2, 3, 4, 6, 2, 3, 4, 0, 1, 3, 5, 6, 7, 0, 1, 2, 0, 1, 5, 6, 2, 4, 6, 0, 2, 4, 5, 7, 2, 6
e =  1024, 1024, 256, 512, 256, 1024, 256, 1024, 256, 1024, 512, 512, 256, 1024, 1024, 1024, 256, 256, 256, 128, 512, 256, 256, 512, 512, 128, 256, 1024, 256, 1024
x = 0,0,0,0,0,0,0,0
y = 0,0,0,0,0,0,0,0
