[general]
path = outputs/system/

[chiplets]
chiplet_count = 8
widths = 	28,	27,	10,	12,	16,	5,	8,	4
heights = 	25,	28,	11,	12,	18,	6,	8,	4
powers = 	26,	8,	176,	169,	79,	182,	130,	105
target_reward = 0
connections = 0,	1024,	128,	0,	128,	0,	256,	128;
			1024,	0,	1024,	0,	0,	0,	0,	0;
			128,	1024,	0,	1024,	256,	0,	0,	128;
			0,	0,	1024,	0,	256,	512,	1024,	0;
			128,	0,	256,	256,	0,	256,	0,	0;
			0,	0,	0,	512,	256,	0,	0,	0;
			256,	0,	0,	1024,	0,	0,	0,	512;
			128,	0,	128,	0,	0,	0,	512,	0
u =  0, 0, 0, 0, 0, 1, 1, 2, 2, 2, 2, 2, 3, 3, 3, 3, 4, 4, 4, 4, 5, 5, 6, 6, 6, 7, 7, 7
v =  1, 2, 4, 6, 7, 0, 2, 0, 1, 3, 4, 7, 2, 4, 5, 6, 0, 2, 3, 5, 3, 4, 0, 3, 7, 0, 2, 6
e =  1024, 128, 128, 256, 128, 1024, 1024, 128, 1024, 1024, 256, 128, 1024, 256, 512, 1024, 128, 256, 256, 256, 512, 256, 256, 1024, 512, 128, 128, 512
x = 0,0,0,0,0,0,0,0
y = 0,0,0,0,0,0,0,0
