[general]
path = outputs/system/

[chiplets]
chiplet_count = 10
widths = 	18,	28,	21,	17,	26,	22,	26,	9,	29,	23
heights = 	15,	26,	18,	15,	21,	20,	21,	10,	26,	19
powers = 	185,	90,	192,	66,	196,	103,	150,	138,	190,	51
target_reward = 0
connections = 0,	0,	0,	0,	128,	128,	0,	128,	512,	0;
			0,	0,	512,	512,	0,	0,	0,	128,	0,	0;
			0,	512,	0,	1024,	1024,	0,	0,	0,	0,	0;
			0,	512,	1024,	0,	256,	128,	0,	0,	0,	0;
			128,	0,	1024,	256,	0,	1024,	256,	512,	0,	0;
			128,	0,	0,	128,	1024,	0,	0,	0,	1024,	0;
			0,	0,	0,	0,	256,	0,	0,	0,	0,	0;
			128,	128,	0,	0,	512,	0,	0,	0,	512,	256;
			512,	0,	0,	0,	0,	1024,	0,	512,	0,	1024;
			0,	0,	0,	0,	0,	0,	0,	256,	1024,	0
u =  0, 0, 0, 0, 1, 1, 1, 2, 2, 2, 3, 3, 3, 3, 4, 4, 4, 4, 4, 4, 5, 5, 5, 5, 6, 7, 7, 7, 7, 7, 8, 8, 8, 8, 9, 9
v =  4, 5, 7, 8, 2, 3, 7, 1, 3, 4, 1, 2, 4, 5, 0, 2, 3, 5, 6, 7, 0, 3, 4, 8, 4, 0, 1, 4, 8, 9, 0, 5, 7, 9, 7, 8
e =  128, 128, 128, 512, 512, 512, 128, 512, 1024, 1024, 512, 1024, 256, 128, 128, 1024, 256, 1024, 256, 512, 128, 128, 1024, 1024, 256, 128, 128, 512, 512, 256, 512, 1024, 512, 1024, 256, 1024
x = 0,0,0,0,0,0,0,0,0,0
y = 0,0,0,0,0,0,0,0,0,0
