[general]
path = outputs/system/

[chiplets]
chiplet_count = 8
widths = 	9,	26,	7,	17,	10,	20,	8,	24
heights = 	11,	29,	8,	14,	11,	25,	9,	29
powers = 	18,	79,	44,	70,	111,	84,	39,	78
target_reward = 0
connections = 0,	128,	0,	0,	0,	0,	0,	0;
			128,	0,	512,	0,	0,	128,	0,	128;
			0,	512,	0,	0,	0,	0,	128,	0;
			0,	0,	0,	0,	512,	256,	0,	256;
			0,	0,	0,	512,	0,	256,	128,	128;
			0,	128,	0,	256,	256,	0,	256,	0;
			0,	0,	128,	0,	128,	256,	0,	0;
			0,	128,	0,	256,	128,	0,	0,	0
u =  0, 1, 1, 1, 1, 2, 2, 3, 3, 3, 4, 4, 4, 4, 5, 5, 5, 5, 6, 6, 6, 7, 7, 7
v =  1, 0, 2, 5, 7, 1, 6, 4, 5, 7, 3, 5, 6, 7, 1, 3, 4, 6, 2, 4, 5, 1, 3, 4
e =  128, 128, 512, 128, 128, 512, 128, 512, 256, 256, 512, 256, 128, 128, 128, 256, 256, 256, 128, 128, 256, 128, 256, 128
x = 0,0,0,0,0,0,0,0
y = 0,0,0,0,0,0,0,0
