[general]
path = outputs/system/

[chiplets]
chiplet_count = 10
widths = 	23,	25,	29,	11,	29,	23,	27,	27,	22,	23
heights = 	28,	22,	30,	11,	25,	28,	25,	25,	23,	20
powers = 	140,	74,	60,	184,	153,	48,	45,	125,	124,	67
target_reward = 0
connections = 0,	0,	0,	0,	0,	1024,	0,	0,	0,	512;
			0,	0,	0,	0,	0,	0,	0,	512,	0,	256;
			0,	0,	0,	0,	256,	0,	0,	0,	0,	128;
			0,	0,	0,	0,	0,	0,	0,	256,	512,	512;
			0,	0,	256,	0,	0,	256,	128,	512,	0,	1024;
			1024,	0,	0,	0,	256,	0,	256,	128,	256,	0;
			0,	0,	0,	0,	128,	256,	0,	256,	512,	0;
			0,	512,	0,	256,	512,	128,	256,	0,	0,	256;
			0,	0,	0,	512,	0,	256,	512,	0,	0,	0;
			512,	256,	128,	512,	1024,	0,	0,	256,	0,	0
u =  0, 0, 1, 1, 2, 2, 3, 3, 3, 4, 4, 4, 4, 4, 5, 5, 5, 5, 5, 6, 6, 6, 6, 7, 7, 7, 7, 7, 7, 8, 8, 8, 9, 9, 9, 9, 9, 9
v =  5, 9, 7, 9, 4, 9, 7, 8, 9, 2, 5, 6, 7, 9, 0, 4, 6, 7, 8, 4, 5, 7, 8, 1, 3, 4, 5, 6, 9, 3, 5, 6, 0, 1, 2, 3, 4, 7
e =  1024, 512, 512, 256, 256, 128, 256, 512, 512, 256, 256, 128, 512, 1024, 1024, 256, 256, 128, 256, 128, 256, 256, 512, 512, 256, 512, 128, 256, 256, 512, 256, 512, 512, 256, 128, 512, 1024, 256
x = 0,0,0,0,0,0,0,0,0,0
y = 0,0,0,0,0,0,0,0,0,0
