[general]
path = outputs/system/

[chiplets]
chiplet_count = 8
widths = 	28,	23,	26,	25,	16,	26,	15,	17
heights = 	29,	23,	25,	29,	13,	26,	17,	19
powers = 	1,	69,	197,	164,	148,	110,	1,	190
target_reward = 0
connections = 0,	0,	0,	128,	0,	512,	1024,	0;
			0,	0,	1024,	256,	512,	0,	0,	0;
			0,	1024,	0,	1024,	128,	1024,	0,	0;
			128,	256,	1024,	0,	0,	0,	0,	128;
			0,	512,	128,	0,	0,	256,	0,	1024;
			512,	0,	1024,	0,	256,	0,	256,	128;
			1024,	0,	0,	0,	0,	256,	0,	512;
			0,	0,	0,	128,	1024,	128,	512,	0
u =  0, 0, 0, 1, 1, 1, 2, 2, 2, 2, 3, 3, 3, 3, 4, 4, 4, 4, 5, 5, 5, 5, 5, 6, 6, 6, 7, 7, 7, 7
v =  3, 5, 6, 2, 3, 4, 1, 3, 4, 5, 0, 1, 2, 7, 1, 2, 5, 7, 0, 2, 4, 6, 7, 0, 5, 7, 3, 4, 5, 6
e =  128, 512, 1024, 1024, 256, 512, 1024, 1024, 128, 1024, 128, 256, 1024, 128, 512, 128, 256, 1024, 512, 1024, 256, 256, 128, 1024, 256, 512, 128, 1024, 128, 512
x = 0,0,0,0,0,0,0,0
y = 0,0,0,0,0,0,0,0
