[general]
path = outputs/system/

[chiplets]
chiplet_count = 11
widths = 	19,	12,	30,	14,	30,	8,	11,	8,	30,	24,	23
heights = 	23,	15,	30,	17,	30,	7,	12,	9,	29,	29,	26
powers = 	38,	191,	157,	169,	38,	142,	137,	94,	189,	85,	7
target_reward = 0
connections = 0,	0,	512,	0,	512,	0,	128,	0,	0,	1024,	1024;
			0,	0,	0,	0,	0,	0,	0,	1024,	0,	0,	1024;
			512,	0,	0,	1024,	512,	0,	0,	0,	512,	0,	128;
			0,	0,	1024,	0,	512,	256,	0,	0,	0,	0,	128;
			512,	0,	512,	512,	0,	128,	128,	0,	0,	256,	0;
			0,	0,	0,	256,	128,	0,	0,	256,	1024,	0,	0;
			128,	0,	0,	0,	128,	0,	0,	0,	0,	0,	0;
			0,	1024,	0,	0,	0,	256,	0,	0,	0,	0,	0;
			0,	0,	512,	0,	0,	1024,	0,	0,	0,	0,	0;
			1024,	0,	0,	0,	256,	0,	0,	0,	0,	0,	0;
			1024,	1024,	128,	128,	0,	0,	0,	0,	0,	0,	0
u =  0, 0, 0, 0, 0, 1, 1, 2, 2, 2, 2, 2, 3, 3, 3, 3, 4, 4, 4, 4, 4, 4, 5, 5, 5, 5, 6, 6, 7, 7, 8, 8, 9, 9, 10, 10, 10, 10
v =  2, 4, 6, 9, 10, 7, 10, 0, 3, 4, 8, 10, 2, 4, 5, 10, 0, 2, 3, 5, 6, 9, 3, 4, 7, 8, 0, 4, 1, 5, 2, 5, 0, 4, 0, 1, 2, 3
e =  512, 512, 128, 1024, 1024, 1024, 1024, 512, 1024, 512, 512, 128, 1024, 512, 256, 128, 512, 512, 512, 128, 128, 256, 256, 128, 256, 1024, 128, 128, 1024, 256, 512, 1024, 1024, 256, 1024, 1024, 128, 128
x = 0,0,0,0,0,0,0,0,0,0,0
y = 0,0,0,0,0,0,0,0,0,0,0
