[general]
path = outputs/system/

[chiplets]
chiplet_count = 8
widths = 	10,	22,	29,	20,	20,	25,	16,	15
heights = 	11,	22,	27,	21,	23,	21,	14,	18
powers = 	52,	136,	24,	139,	121,	53,	82,	81
target_reward = 0
connections = 0,	128,	0,	256,	1024,	0,	512,	0;
			128,	0,	0,	0,	128,	0,	0,	1024;
			0,	0,	0,	0,	0,	0,	128,	1024;
			256,	0,	0,	0,	256,	1024,	1024,	0;
			1024,	128,	0,	256,	0,	0,	0,	0;
			0,	0,	0,	1024,	0,	0,	128,	0;
			512,	0,	128,	1024,	0,	128,	0,	256;
			0,	1024,	1024,	0,	0,	0,	256,	0
u =  0, 0, 0, 0, 1, 1, 1, 2, 2, 3, 3, 3, 3, 4, 4, 4, 5, 5, 6, 6, 6, 6, 6, 7, 7, 7
v =  1, 3, 4, 6, 0, 4, 7, 6, 7, 0, 4, 5, 6, 0, 1, 3, 3, 6, 0, 2, 3, 5, 7, 1, 2, 6
e =  128, 256, 1024, 512, 128, 128, 1024, 128, 1024, 256, 256, 1024, 1024, 1024, 128, 256, 1024, 128, 512, 128, 1024, 128, 256, 1024, 1024, 256
x = 0,0,0,0,0,0,0,0
y = 0,0,0,0,0,0,0,0
