[general]
path = outputs/system/

[chiplets]
chiplet_count = 9
widths = 	12,	17,	21,	26,	14,	24,	19,	21,	28
heights = 	13,	18,	18,	23,	17,	26,	22,	23,	27
powers = 	151,	97,	111,	173,	29,	139,	195,	47,	152
target_reward = 0
connections = 0,	512,	0,	0,	512,	0,	0,	0,	512;
			512,	0,	256,	128,	0,	512,	0,	0,	0;
			0,	256,	0,	512,	1024,	0,	512,	1024,	0;
			0,	128,	512,	0,	1024,	0,	0,	0,	512;
			512,	0,	1024,	1024,	0,	0,	0,	512,	0;
			0,	512,	0,	0,	0,	0,	0,	128,	128;
			0,	0,	512,	0,	0,	0,	0,	256,	1024;
			0,	0,	1024,	0,	512,	128,	256,	0,	0;
			512,	0,	0,	512,	0,	128,	1024,	0,	0
u =  0, 0, 0, 1, 1, 1, 1, 2, 2, 2, 2, 2, 3, 3, 3, 3, 4, 4, 4, 4, 5, 5, 5, 6, 6, 6, 7, 7, 7, 7, 8, 8, 8, 8
v =  1, 4, 8, 0, 2, 3, 5, 1, 3, 4, 6, 7, 1, 2, 4, 8, 0, 2, 3, 7, 1, 7, 8, 2, 7, 8, 2, 4, 5, 6, 0, 3, 5, 6
e =  512, 512, 512, 512, 256, 128, 512, 256, 512, 1024, 512, 1024, 128, 512, 1024, 512, 512, 1024, 1024, 512, 512, 128, 128, 512, 256, 1024, 1024, 512, 128, 256, 512, 512, 128, 1024
x = 0,0,0,0,0,0,0,0,0
y = 0,0,0,0,0,0,0,0,0
