[general]
path = outputs/system/

[chiplets]
chiplet_count = 7
widths = 	28,	26,	13,	21,	14,	19,	20
heights = 	27,	21,	12,	20,	15,	16,	20
powers = 	140,	131,	89,	94,	24,	112,	27
target_reward = 0
connections = 0,	0,	0,	1024,	0,	0,	512;
			0,	0,	0,	0,	0,	512,	0;
			0,	0,	0,	256,	1024,	0,	256;
			1024,	0,	256,	0,	1024,	128,	256;
			0,	0,	1024,	1024,	0,	1024,	1024;
			0,	512,	0,	128,	1024,	0,	256;
			512,	0,	256,	256,	1024,	256,	0
u =  0, 0, 1, 2, 2, 2, 3, 3, 3, 3, 3, 4, 4, 4, 4, 5, 5, 5, 5, 6, 6, 6, 6, 6
v =  3, 6, 5, 3, 4, 6, 0, 2, 4, 5, 6, 2, 3, 5, 6, 1, 3, 4, 6, 0, 2, 3, 4, 5
e =  1024, 512, 512, 256, 1024, 256, 1024, 256, 1024, 128, 256, 1024, 1024, 1024, 1024, 512, 128, 1024, 256, 512, 256, 256, 1024, 256
x = 0,0,0,0,0,0,0
y = 0,0,0,0,0,0,0
