[general]
path = outputs/system/

[chiplets]
chiplet_count = 8
widths = 	9,	10,	26,	8,	15,	11,	18,	6
heights = 	11,	12,	28,	8,	12,	13,	15,	7
powers = 	78,	42,	97,	71,	32,	113,	112,	164
target_reward = 0
connections = 0,	128,	256,	0,	0,	0,	0,	0;
			128,	0,	256,	0,	0,	256,	128,	0;
			256,	256,	0,	0,	512,	0,	1024,	256;
			0,	0,	0,	0,	512,	256,	1024,	0;
			0,	0,	512,	512,	0,	256,	256,	0;
			0,	256,	0,	256,	256,	0,	512,	1024;
			0,	128,	1024,	1024,	256,	512,	0,	128;
			0,	0,	256,	0,	0,	1024,	128,	0
u =  0, 0, 1, 1, 1, 1, 2, 2, 2, 2, 2, 3, 3, 3, 4, 4, 4, 4, 5, 5, 5, 5, 5, 6, 6, 6, 6, 6, 6, 7, 7, 7
v =  1, 2, 0, 2, 5, 6, 0, 1, 4, 6, 7, 4, 5, 6, 2, 3, 5, 6, 1, 3, 4, 6, 7, 1, 2, 3, 4, 5, 7, 2, 5, 6
e =  128, 256, 128, 256, 256, 128, 256, 256, 512, 1024, 256, 512, 256, 1024, 512, 512, 256, 256, 256, 256, 256, 512, 1024, 128, 1024, 1024, 256, 512, 128, 256, 1024, 128
x = 0,0,0,0,0,0,0,0
y = 0,0,0,0,0,0,0,0
