[general]
path = outputs/system/

[chiplets]
chiplet_count = 8
widths = 	4,	23,	18,	10,	16,	6,	8,	18
heights = 	5,	25,	15,	8,	14,	7,	9,	19
powers = 	127,	170,	128,	57,	77,	133,	79,	107
target_reward = 0
connections = 0,	1024,	256,	128,	0,	0,	128,	0;
			1024,	0,	256,	0,	0,	0,	0,	0;
			256,	256,	0,	128,	512,	256,	1024,	128;
			128,	0,	128,	0,	0,	0,	0,	128;
			0,	0,	512,	0,	0,	128,	0,	0;
			0,	0,	256,	0,	128,	0,	256,	1024;
			128,	0,	1024,	0,	0,	256,	0,	256;
			0,	0,	128,	128,	0,	1024,	256,	0
u =  0, 0, 0, 0, 1, 1, 2, 2, 2, 2, 2, 2, 2, 3, 3, 3, 4, 4, 5, 5, 5, 5, 6, 6, 6, 6, 7, 7, 7, 7
v =  1, 2, 3, 6, 0, 2, 0, 1, 3, 4, 5, 6, 7, 0, 2, 7, 2, 5, 2, 4, 6, 7, 0, 2, 5, 7, 2, 3, 5, 6
e =  1024, 256, 128, 128, 1024, 256, 256, 256, 128, 512, 256, 1024, 128, 128, 128, 128, 512, 128, 256, 128, 256, 1024, 128, 1024, 256, 256, 128, 128, 1024, 256
x = 0,0,0,0,0,0,0,0
y = 0,0,0,0,0,0,0,0
