[general]
path = outputs/system/

[chiplets]
chiplet_count = 8
widths = 	25,	28,	22,	19,	26,	18,	15,	19
heights = 	28,	27,	18,	19,	25,	18,	15,	17
powers = 	20,	162,	92,	117,	57,	167,	97,	159
target_reward = 0
connections = 0,	0,	512,	0,	0,	128,	128,	128;
			0,	0,	256,	256,	0,	0,	0,	0;
			512,	256,	0,	512,	0,	512,	0,	0;
			0,	256,	512,	0,	0,	128,	0,	256;
			0,	0,	0,	0,	0,	512,	512,	0;
			128,	0,	512,	128,	512,	0,	512,	512;
			128,	0,	0,	0,	512,	512,	0,	128;
			128,	0,	0,	256,	0,	512,	128,	0
u =  0, 0, 0, 0, 1, 1, 2, 2, 2, 2, 3, 3, 3, 3, 4, 4, 5, 5, 5, 5, 5, 5, 6, 6, 6, 6, 7, 7, 7, 7
v =  2, 5, 6, 7, 2, 3, 0, 1, 3, 5, 1, 2, 5, 7, 5, 6, 0, 2, 3, 4, 6, 7, 0, 4, 5, 7, 0, 3, 5, 6
e =  512, 128, 128, 128, 256, 256, 512, 256, 512, 512, 256, 512, 128, 256, 512, 512, 128, 512, 128, 512, 512, 512, 128, 512, 512, 128, 128, 256, 512, 128
x = 0,0,0,0,0,0,0,0
y = 0,0,0,0,0,0,0,0
