[general]
path = outputs/system/

[chiplets]
chiplet_count = 10
widths = 	13,	26,	23,	28,	29,	12,	15,	20,	16,	26
heights = 	13,	26,	19,	23,	29,	11,	14,	21,	14,	21
powers = 	26,	141,	179,	75,	48,	1,	194,	140,	177,	150
target_reward = 0
connections = 0,	0,	128,	0,	0,	512,	0,	0,	256,	0;
			0,	0,	0,	0,	0,	0,	512,	0,	0,	0;
			128,	0,	0,	128,	0,	0,	1024,	0,	0,	0;
			0,	0,	128,	0,	128,	0,	0,	0,	0,	512;
			0,	0,	0,	128,	0,	0,	0,	512,	0,	0;
			512,	0,	0,	0,	0,	0,	128,	512,	0,	1024;
			0,	512,	1024,	0,	0,	128,	0,	512,	256,	0;
			0,	0,	0,	0,	512,	512,	512,	0,	512,	512;
			256,	0,	0,	0,	0,	0,	256,	512,	0,	0;
			0,	0,	0,	512,	0,	1024,	0,	512,	0,	0
u =  0, 0, 0, 1, 2, 2, 2, 3, 3, 3, 4, 4, 5, 5, 5, 5, 6, 6, 6, 6, 6, 7, 7, 7, 7, 7, 8, 8, 8, 9, 9, 9
v =  2, 5, 8, 6, 0, 3, 6, 2, 4, 9, 3, 7, 0, 6, 7, 9, 1, 2, 5, 7, 8, 4, 5, 6, 8, 9, 0, 6, 7, 3, 5, 7
e =  128, 512, 256, 512, 128, 128, 1024, 128, 128, 512, 128, 512, 512, 128, 512, 1024, 512, 1024, 128, 512, 256, 512, 512, 512, 512, 512, 256, 256, 512, 512, 1024, 512
x = 0,0,0,0,0,0,0,0,0,0
y = 0,0,0,0,0,0,0,0,0,0
