[general]
path = outputs/system/

[chiplets]
chiplet_count = 9
widths = 	18,	23,	26,	16,	15,	17,	24,	15,	25
heights = 	17,	25,	27,	20,	18,	16,	23,	14,	27
powers = 	186,	72,	61,	65,	174,	174,	146,	36,	99
target_reward = 0
connections = 0,	512,	1024,	0,	0,	0,	1024,	0,	512;
			512,	0,	1024,	0,	0,	1024,	0,	0,	0;
			1024,	1024,	0,	0,	128,	0,	0,	128,	1024;
			0,	0,	0,	0,	512,	256,	0,	512,	512;
			0,	0,	128,	512,	0,	512,	0,	256,	256;
			0,	1024,	0,	256,	512,	0,	0,	0,	256;
			1024,	0,	0,	0,	0,	0,	0,	0,	0;
			0,	0,	128,	512,	256,	0,	0,	0,	1024;
			512,	0,	1024,	512,	256,	256,	0,	1024,	0
u =  0, 0, 0, 0, 1, 1, 1, 2, 2, 2, 2, 2, 3, 3, 3, 3, 4, 4, 4, 4, 4, 5, 5, 5, 5, 6, 7, 7, 7, 7, 8, 8, 8, 8, 8, 8
v =  1, 2, 6, 8, 0, 2, 5, 0, 1, 4, 7, 8, 4, 5, 7, 8, 2, 3, 5, 7, 8, 1, 3, 4, 8, 0, 2, 3, 4, 8, 0, 2, 3, 4, 5, 7
e =  512, 1024, 1024, 512, 512, 1024, 1024, 1024, 1024, 128, 128, 1024, 512, 256, 512, 512, 128, 512, 512, 256, 256, 1024, 256, 512, 256, 1024, 128, 512, 256, 1024, 512, 1024, 512, 256, 256, 1024
x = 0,0,0,0,0,0,0,0,0
y = 0,0,0,0,0,0,0,0,0
