[general]
path = outputs/system/

[chiplets]
chiplet_count = 7
widths = 	17,	16,	12,	13,	21,	19,	14
heights = 	18,	16,	12,	12,	18,	19,	14
powers = 	172,	86,	51,	170,	108,	41,	154
target_reward = 0
connections = 0,	0,	0,	0,	256,	0,	512;
			0,	0,	512,	512,	256,	512,	256;
			0,	512,	0,	1024,	512,	0,	0;
			0,	512,	1024,	0,	1024,	256,	256;
			256,	256,	512,	1024,	0,	0,	0;
			0,	512,	0,	256,	0,	0,	0;
			512,	256,	0,	256,	0,	0,	0
u =  0, 0, 1, 1, 1, 1, 1, 2, 2, 2, 3, 3, 3, 3, 3, 4, 4, 4, 4, 5, 5, 6, 6, 6
v =  4, 6, 2, 3, 4, 5, 6, 1, 3, 4, 1, 2, 4, 5, 6, 0, 1, 2, 3, 1, 3, 0, 1, 3
e =  256, 512, 512, 512, 256, 512, 256, 512, 1024, 512, 512, 1024, 1024, 256, 256, 256, 256, 512, 1024, 512, 256, 512, 256, 256
x = 0,0,0,0,0,0,0
y = 0,0,0,0,0,0,0
