[general]
path = outputs/system/

[chiplets]
chiplet_count = 7
widths = 	13,	15,	22,	15,	28,	9,	26
heights = 	11,	16,	27,	18,	30,	8,	29
powers = 	158,	110,	154,	113,	128,	109,	73
target_reward = 0
connections = 0,	0,	0,	1024,	0,	128,	0;
			0,	0,	0,	0,	512,	128,	256;
			0,	0,	0,	128,	256,	0,	0;
			1024,	0,	128,	0,	512,	128,	0;
			0,	512,	256,	512,	0,	512,	128;
			128,	128,	0,	128,	512,	0,	256;
			0,	256,	0,	0,	128,	256,	0
u =  0, 0, 1, 1, 1, 2, 2, 3, 3, 3, 3, 4, 4, 4, 4, 4, 5, 5, 5, 5, 5, 6, 6, 6
v =  3, 5, 4, 5, 6, 3, 4, 0, 2, 4, 5, 1, 2, 3, 5, 6, 0, 1, 3, 4, 6, 1, 4, 5
e =  1024, 128, 512, 128, 256, 128, 256, 1024, 128, 512, 128, 512, 256, 512, 512, 128, 128, 128, 128, 512, 256, 256, 128, 256
x = 0,0,0,0,0,0,0
y = 0,0,0,0,0,0,0
