[general]
path = outputs/system/

[chiplets]
chiplet_count = 9
widths = 	22,	21,	11,	6,	18,	25,	25,	21,	21
heights = 	25,	19,	9,	7,	17,	26,	21,	17,	25
powers = 	63,	81,	104,	133,	198,	7,	38,	117,	160
target_reward = 0
connections = 0,	0,	512,	0,	0,	1024,	0,	0,	0;
			0,	0,	0,	128,	128,	1024,	0,	256,	0;
			512,	0,	0,	0,	1024,	0,	128,	1024,	1024;
			0,	128,	0,	0,	256,	256,	1024,	0,	0;
			0,	128,	1024,	256,	0,	1024,	1024,	1024,	128;
			1024,	1024,	0,	256,	1024,	0,	0,	0,	0;
			0,	0,	128,	1024,	1024,	0,	0,	512,	0;
			0,	256,	1024,	0,	1024,	0,	512,	0,	0;
			0,	0,	1024,	0,	128,	0,	0,	0,	0
u =  0, 0, 1, 1, 1, 1, 2, 2, 2, 2, 2, 3, 3, 3, 3, 4, 4, 4, 4, 4, 4, 4, 5, 5, 5, 5, 6, 6, 6, 6, 7, 7, 7, 7, 8, 8
v =  2, 5, 3, 4, 5, 7, 0, 4, 6, 7, 8, 1, 4, 5, 6, 1, 2, 3, 5, 6, 7, 8, 0, 1, 3, 4, 2, 3, 4, 7, 1, 2, 4, 6, 2, 4
e =  512, 1024, 128, 128, 1024, 256, 512, 1024, 128, 1024, 1024, 128, 256, 256, 1024, 128, 1024, 256, 1024, 1024, 1024, 128, 1024, 1024, 256, 1024, 128, 1024, 1024, 512, 256, 1024, 1024, 512, 1024, 128
x = 0,0,0,0,0,0,0,0,0
y = 0,0,0,0,0,0,0,0,0
