[general]
path = outputs/system/

[chiplets]
chiplet_count = 11
widths = 	28,	17,	23,	26,	27,	25,	28,	24,	27,	29,	22
heights = 	23,	21,	26,	24,	27,	29,	30,	21,	23,	27,	22
powers = 	88,	4,	77,	62,	40,	114,	113,	109,	74,	111,	95
target_reward = 0
connections = 0,	0,	256,	0,	512,	512,	0,	0,	0,	0,	1024;
			0,	0,	0,	0,	0,	1024,	0,	0,	128,	0,	0;
			256,	0,	0,	0,	0,	0,	0,	0,	256,	0,	0;
			0,	0,	0,	0,	0,	0,	1024,	0,	0,	256,	0;
			512,	0,	0,	0,	0,	0,	0,	512,	0,	128,	0;
			512,	1024,	0,	0,	0,	0,	512,	128,	256,	0,	0;
			0,	0,	0,	1024,	0,	512,	0,	256,	0,	128,	1024;
			0,	0,	0,	0,	512,	128,	256,	0,	512,	0,	0;
			0,	128,	256,	0,	0,	256,	0,	512,	0,	512,	0;
			0,	0,	0,	256,	128,	0,	128,	0,	512,	0,	0;
			1024,	0,	0,	0,	0,	0,	1024,	0,	0,	0,	0
u =  0, 0, 0, 0, 1, 1, 2, 2, 3, 3, 4, 4, 4, 5, 5, 5, 5, 5, 6, 6, 6, 6, 6, 7, 7, 7, 7, 8, 8, 8, 8, 8, 9, 9, 9, 9, 10, 10
v =  2, 4, 5, 10, 5, 8, 0, 8, 6, 9, 0, 7, 9, 0, 1, 6, 7, 8, 3, 5, 7, 9, 10, 4, 5, 6, 8, 1, 2, 5, 7, 9, 3, 4, 6, 8, 0, 6
e =  256, 512, 512, 1024, 1024, 128, 256, 256, 1024, 256, 512, 512, 128, 512, 1024, 512, 128, 256, 1024, 512, 256, 128, 1024, 512, 128, 256, 512, 128, 256, 256, 512, 512, 256, 128, 128, 512, 1024, 1024
x = 0,0,0,0,0,0,0,0,0,0,0
y = 0,0,0,0,0,0,0,0,0,0,0
