[general]
path = outputs/system/

[chiplets]
chiplet_count = 8
widths = 	9,	25,	5,	20,	25,	19,	18,	21
heights = 	11,	27,	4,	21,	20,	22,	20,	17
powers = 	156,	142,	84,	17,	159,	139,	116,	91
target_reward = 0
connections = 0,	0,	512,	0,	256,	256,	0,	0;
			0,	0,	0,	0,	128,	0,	0,	512;
			512,	0,	0,	512,	512,	0,	0,	512;
			0,	0,	512,	0,	1024,	1024,	0,	0;
			256,	128,	512,	1024,	0,	512,	128,	0;
			256,	0,	0,	1024,	512,	0,	256,	512;
			0,	0,	0,	0,	128,	256,	0,	0;
			0,	512,	512,	0,	0,	512,	0,	0
u =  0, 0, 0, 1, 1, 2, 2, 2, 2, 3, 3, 3, 4, 4, 4, 4, 4, 4, 5, 5, 5, 5, 5, 6, 6, 7, 7, 7
v =  2, 4, 5, 4, 7, 0, 3, 4, 7, 2, 4, 5, 0, 1, 2, 3, 5, 6, 0, 3, 4, 6, 7, 4, 5, 1, 2, 5
e =  512, 256, 256, 128, 512, 512, 512, 512, 512, 512, 1024, 1024, 256, 128, 512, 1024, 512, 128, 256, 1024, 512, 256, 512, 128, 256, 512, 512, 512
x = 0,0,0,0,0,0,0,0
y = 0,0,0,0,0,0,0,0
