[general]
path = outputs/system/

[chiplets]
chiplet_count = 8
widths = 	25,	25,	29,	19,	17,	24,	18,	21
heights = 	30,	25,	24,	19,	14,	23,	16,	24
powers = 	191,	182,	102,	31,	161,	150,	82,	167
target_reward = 0
connections = 0,	0,	0,	1024,	512,	1024,	0,	0;
			0,	0,	128,	256,	0,	0,	512,	0;
			0,	128,	0,	512,	1024,	0,	0,	512;
			1024,	256,	512,	0,	1024,	1024,	0,	0;
			512,	0,	1024,	1024,	0,	0,	0,	0;
			1024,	0,	0,	1024,	0,	0,	0,	512;
			0,	512,	0,	0,	0,	0,	0,	0;
			0,	0,	512,	0,	0,	512,	0,	0
u =  0, 0, 0, 1, 1, 1, 2, 2, 2, 2, 3, 3, 3, 3, 3, 4, 4, 4, 5, 5, 5, 6, 7, 7
v =  3, 4, 5, 2, 3, 6, 1, 3, 4, 7, 0, 1, 2, 4, 5, 0, 2, 3, 0, 3, 7, 1, 2, 5
e =  1024, 512, 1024, 128, 256, 512, 128, 512, 1024, 512, 1024, 256, 512, 1024, 1024, 512, 1024, 1024, 1024, 1024, 512, 512, 512, 512
x = 0,0,0,0,0,0,0,0
y = 0,0,0,0,0,0,0,0
