[general]
path = outputs/system/

[chiplets]
chiplet_count = 10
widths = 	17,	8,	26,	24,	14,	17,	23,	15,	29,	20
heights = 	16,	10,	21,	24,	17,	16,	23,	17,	27,	20
powers = 	80,	11,	184,	85,	177,	5,	79,	123,	52,	8
target_reward = 0
connections = 0,	0,	0,	256,	0,	0,	512,	0,	1024,	0;
			0,	0,	0,	0,	1024,	0,	1024,	256,	128,	0;
			0,	0,	0,	0,	128,	0,	0,	0,	0,	256;
			256,	0,	0,	0,	128,	128,	0,	0,	0,	0;
			0,	1024,	128,	128,	0,	256,	1024,	0,	512,	1024;
			0,	0,	0,	128,	256,	0,	1024,	256,	0,	0;
			512,	1024,	0,	0,	1024,	1024,	0,	0,	0,	128;
			0,	256,	0,	0,	0,	256,	0,	0,	1024,	0;
			1024,	128,	0,	0,	512,	0,	0,	1024,	0,	0;
			0,	0,	256,	0,	1024,	0,	128,	0,	0,	0
u =  0, 0, 0, 1, 1, 1, 1, 2, 2, 3, 3, 3, 4, 4, 4, 4, 4, 4, 4, 5, 5, 5, 5, 6, 6, 6, 6, 6, 7, 7, 7, 8, 8, 8, 8, 9, 9, 9
v =  3, 6, 8, 4, 6, 7, 8, 4, 9, 0, 4, 5, 1, 2, 3, 5, 6, 8, 9, 3, 4, 6, 7, 0, 1, 4, 5, 9, 1, 5, 8, 0, 1, 4, 7, 2, 4, 6
e =  256, 512, 1024, 1024, 1024, 256, 128, 128, 256, 256, 128, 128, 1024, 128, 128, 256, 1024, 512, 1024, 128, 256, 1024, 256, 512, 1024, 1024, 1024, 128, 256, 256, 1024, 1024, 128, 512, 1024, 256, 1024, 128
x = 0,0,0,0,0,0,0,0,0,0
y = 0,0,0,0,0,0,0,0,0,0
