[general]
path = outputs/system/

[chiplets]
chiplet_count = 10
widths = 	20,	14,	6,	13,	30,	11,	30,	14,	25,	8
heights = 	20,	15,	7,	15,	25,	13,	27,	12,	26,	8
powers = 	62,	90,	162,	140,	27,	51,	148,	139,	72,	154
target_reward = 0
connections = 0,	0,	0,	0,	512,	512,	0,	256,	0,	0;
			0,	0,	128,	128,	512,	0,	0,	1024,	1024,	0;
			0,	128,	0,	256,	0,	0,	512,	1024,	128,	0;
			0,	128,	256,	0,	1024,	512,	0,	512,	0,	0;
			512,	512,	0,	1024,	0,	1024,	0,	0,	0,	0;
			512,	0,	0,	512,	1024,	0,	0,	256,	0,	0;
			0,	0,	512,	0,	0,	0,	0,	0,	128,	128;
			256,	1024,	1024,	512,	0,	256,	0,	0,	0,	0;
			0,	1024,	128,	0,	0,	0,	128,	0,	0,	0;
			0,	0,	0,	0,	0,	0,	128,	0,	0,	0
u =  0, 0, 0, 1, 1, 1, 1, 1, 2, 2, 2, 2, 2, 3, 3, 3, 3, 3, 4, 4, 4, 4, 5, 5, 5, 5, 6, 6, 6, 7, 7, 7, 7, 7, 8, 8, 8, 9
v =  4, 5, 7, 2, 3, 4, 7, 8, 1, 3, 6, 7, 8, 1, 2, 4, 5, 7, 0, 1, 3, 5, 0, 3, 4, 7, 2, 8, 9, 0, 1, 2, 3, 5, 1, 2, 6, 6
e =  512, 512, 256, 128, 128, 512, 1024, 1024, 128, 256, 512, 1024, 128, 128, 256, 1024, 512, 512, 512, 512, 1024, 1024, 512, 512, 1024, 256, 512, 128, 128, 256, 1024, 1024, 512, 256, 1024, 128, 128, 128
x = 0,0,0,0,0,0,0,0,0,0
y = 0,0,0,0,0,0,0,0,0,0
