[general]
path = outputs/system/

[chiplets]
chiplet_count = 12
widths = 	20,	24,	12,	17,	4,	30,	8,	22,	8,	25,	27,	21
heights = 	19,	20,	15,	16,	5,	28,	8,	19,	8,	30,	22,	23
powers = 	112,	89,	69,	182,	147,	166,	148,	82,	116,	103,	119,	93
target_reward = 0
connections = 0,	0,	0,	0,	0,	0,	0,	0,	512,	0,	1024,	0;
			0,	0,	0,	0,	0,	512,	128,	0,	0,	0,	0,	256;
			0,	0,	0,	512,	0,	0,	128,	0,	0,	0,	128,	0;
			0,	0,	512,	0,	256,	512,	0,	0,	0,	1024,	0,	0;
			0,	0,	0,	256,	0,	128,	1024,	0,	0,	0,	0,	0;
			0,	512,	0,	512,	128,	0,	256,	0,	256,	0,	0,	512;
			0,	128,	128,	0,	1024,	256,	0,	0,	256,	0,	0,	0;
			0,	0,	0,	0,	0,	0,	0,	0,	0,	1024,	0,	0;
			512,	0,	0,	0,	0,	256,	256,	0,	0,	0,	0,	0;
			0,	0,	0,	1024,	0,	0,	0,	1024,	0,	0,	0,	256;
			1024,	0,	128,	0,	0,	0,	0,	0,	0,	0,	0,	0;
			0,	256,	0,	0,	0,	512,	0,	0,	0,	256,	0,	0
u =  0, 0, 1, 1, 1, 2, 2, 2, 3, 3, 3, 3, 4, 4, 4, 5, 5, 5, 5, 5, 5, 6, 6, 6, 6, 6, 7, 8, 8, 8, 9, 9, 9, 10, 10, 11, 11, 11
v =  8, 10, 5, 6, 11, 3, 6, 10, 2, 4, 5, 9, 3, 5, 6, 1, 3, 4, 6, 8, 11, 1, 2, 4, 5, 8, 9, 0, 5, 6, 3, 7, 11, 0, 2, 1, 5, 9
e =  512, 1024, 512, 128, 256, 512, 128, 128, 512, 256, 512, 1024, 256, 128, 1024, 512, 512, 128, 256, 256, 512, 128, 128, 1024, 256, 256, 1024, 512, 256, 256, 1024, 1024, 256, 1024, 128, 256, 512, 256
x = 0,0,0,0,0,0,0,0,0,0,0,0
y = 0,0,0,0,0,0,0,0,0,0,0,0
