[general]
path = outputs/system/

[chiplets]
chiplet_count = 10
widths = 	25,	17,	23,	14,	18,	22,	27,	11,	13,	18
heights = 	26,	14,	26,	12,	19,	22,	28,	10,	12,	21
powers = 	119,	88,	151,	80,	162,	85,	59,	109,	119,	35
target_reward = 0
connections = 0,	256,	0,	0,	1024,	0,	1024,	0,	0,	1024;
			256,	0,	0,	0,	512,	0,	0,	256,	1024,	256;
			0,	0,	0,	0,	0,	0,	0,	512,	128,	0;
			0,	0,	0,	0,	0,	512,	0,	0,	512,	0;
			1024,	512,	0,	0,	0,	0,	512,	0,	0,	0;
			0,	0,	0,	512,	0,	0,	256,	256,	0,	128;
			1024,	0,	0,	0,	512,	256,	0,	512,	512,	0;
			0,	256,	512,	0,	0,	256,	512,	0,	1024,	512;
			0,	1024,	128,	512,	0,	0,	512,	1024,	0,	0;
			1024,	256,	0,	0,	0,	128,	0,	512,	0,	0
u =  0, 0, 0, 0, 1, 1, 1, 1, 1, 2, 2, 3, 3, 4, 4, 4, 5, 5, 5, 5, 6, 6, 6, 6, 6, 7, 7, 7, 7, 7, 7, 8, 8, 8, 8, 8, 9, 9, 9, 9
v =  1, 4, 6, 9, 0, 4, 7, 8, 9, 7, 8, 5, 8, 0, 1, 6, 3, 6, 7, 9, 0, 4, 5, 7, 8, 1, 2, 5, 6, 8, 9, 1, 2, 3, 6, 7, 0, 1, 5, 7
e =  256, 1024, 1024, 1024, 256, 512, 256, 1024, 256, 512, 128, 512, 512, 1024, 512, 512, 512, 256, 256, 128, 1024, 512, 256, 512, 512, 256, 512, 256, 512, 1024, 512, 1024, 128, 512, 512, 1024, 1024, 256, 128, 512
x = 0,0,0,0,0,0,0,0,0,0
y = 0,0,0,0,0,0,0,0,0,0
