[general]
path = outputs/system/

[chiplets]
chiplet_count = 8
widths = 	25,	17,	17,	25,	14,	25,	23,	11
heights = 	28,	14,	19,	28,	13,	20,	23,	12
powers = 	41,	61,	59,	69,	101,	9,	59,	119
target_reward = 0
connections = 0,	0,	0,	0,	0,	0,	256,	1024;
			0,	0,	0,	128,	256,	128,	0,	0;
			0,	0,	0,	256,	512,	0,	0,	256;
			0,	128,	256,	0,	1024,	0,	256,	0;
			0,	256,	512,	1024,	0,	0,	0,	0;
			0,	128,	0,	0,	0,	0,	256,	128;
			256,	0,	0,	256,	0,	256,	0,	512;
			1024,	0,	256,	0,	0,	128,	512,	0
u =  0, 0, 1, 1, 1, 2, 2, 2, 3, 3, 3, 3, 4, 4, 4, 5, 5, 5, 6, 6, 6, 6, 7, 7, 7, 7
v =  6, 7, 3, 4, 5, 3, 4, 7, 1, 2, 4, 6, 1, 2, 3, 1, 6, 7, 0, 3, 5, 7, 0, 2, 5, 6
e =  256, 1024, 128, 256, 128, 256, 512, 256, 128, 256, 1024, 256, 256, 512, 1024, 128, 256, 128, 256, 256, 256, 512, 1024, 256, 128, 512
x = 0,0,0,0,0,0,0,0
y = 0,0,0,0,0,0,0,0
