[general]
path = outputs/system/

[chiplets]
chiplet_count = 11
widths = 	21,	23,	21,	30,	20,	16,	4,	5,	4,	18,	19
heights = 	25,	27,	21,	24,	19,	19,	5,	4,	4,	22,	19
powers = 	25,	116,	169,	54,	25,	144,	45,	184,	57,	113,	50
target_reward = 0
connections = 0,	0,	0,	0,	0,	0,	0,	1024,	0,	0,	0;
			0,	0,	0,	256,	1024,	512,	256,	0,	256,	0,	0;
			0,	0,	0,	0,	0,	512,	512,	256,	0,	0,	512;
			0,	256,	0,	0,	0,	0,	0,	0,	256,	0,	0;
			0,	1024,	0,	0,	0,	0,	1024,	0,	0,	0,	256;
			0,	512,	512,	0,	0,	0,	0,	0,	0,	128,	1024;
			0,	256,	512,	0,	1024,	0,	0,	128,	256,	0,	0;
			1024,	0,	256,	0,	0,	0,	128,	0,	256,	512,	0;
			0,	256,	0,	256,	0,	0,	256,	256,	0,	256,	0;
			0,	0,	0,	0,	0,	128,	0,	512,	256,	0,	0;
			0,	0,	512,	0,	256,	1024,	0,	0,	0,	0,	0
u =  0, 1, 1, 1, 1, 1, 2, 2, 2, 2, 3, 3, 4, 4, 4, 5, 5, 5, 5, 6, 6, 6, 6, 6, 7, 7, 7, 7, 7, 8, 8, 8, 8, 8, 9, 9, 9, 10, 10, 10
v =  7, 3, 4, 5, 6, 8, 5, 6, 7, 10, 1, 8, 1, 6, 10, 1, 2, 9, 10, 1, 2, 4, 7, 8, 0, 2, 6, 8, 9, 1, 3, 6, 7, 9, 5, 7, 8, 2, 4, 5
e =  1024, 256, 1024, 512, 256, 256, 512, 512, 256, 512, 256, 256, 1024, 1024, 256, 512, 512, 128, 1024, 256, 512, 1024, 128, 256, 1024, 256, 128, 256, 512, 256, 256, 256, 256, 256, 128, 512, 256, 512, 256, 1024
x = 0,0,0,0,0,0,0,0,0,0,0
y = 0,0,0,0,0,0,0,0,0,0,0
