[general]
path = outputs/system/

[chiplets]
chiplet_count = 9
widths = 	26,	22,	29,	25,	24,	21,	24,	21,	19
heights = 	22,	24,	24,	29,	30,	18,	30,	18,	19
powers = 	160,	67,	42,	137,	120,	166,	13,	186,	176
target_reward = 0
connections = 0,	0,	0,	0,	0,	0,	512,	128,	0;
			0,	0,	256,	1024,	512,	0,	0,	0,	128;
			0,	256,	0,	1024,	0,	1024,	0,	0,	0;
			0,	1024,	1024,	0,	0,	256,	128,	256,	0;
			0,	512,	0,	0,	0,	0,	0,	0,	128;
			0,	0,	1024,	256,	0,	0,	256,	512,	0;
			512,	0,	0,	128,	0,	256,	0,	256,	0;
			128,	0,	0,	256,	0,	512,	256,	0,	1024;
			0,	128,	0,	0,	128,	0,	0,	1024,	0
u =  0, 0, 1, 1, 1, 1, 2, 2, 2, 3, 3, 3, 3, 3, 4, 4, 5, 5, 5, 5, 6, 6, 6, 6, 7, 7, 7, 7, 7, 8, 8, 8
v =  6, 7, 2, 3, 4, 8, 1, 3, 5, 1, 2, 5, 6, 7, 1, 8, 2, 3, 6, 7, 0, 3, 5, 7, 0, 3, 5, 6, 8, 1, 4, 7
e =  512, 128, 256, 1024, 512, 128, 256, 1024, 1024, 1024, 1024, 256, 128, 256, 512, 128, 1024, 256, 256, 512, 512, 128, 256, 256, 128, 256, 512, 256, 1024, 128, 128, 1024
x = 0,0,0,0,0,0,0,0,0
y = 0,0,0,0,0,0,0,0,0
