[general]
path = outputs/system/

[chiplets]
chiplet_count = 8
widths = 	27,	9,	22,	24,	22,	23,	14,	28
heights = 	29,	11,	23,	25,	25,	19,	13,	25
powers = 	125,	119,	161,	173,	163,	88,	12,	187
target_reward = 0
connections = 0,	0,	0,	512,	0,	512,	128,	1024;
			0,	0,	256,	512,	0,	128,	256,	0;
			0,	256,	0,	1024,	0,	0,	512,	0;
			512,	512,	1024,	0,	1024,	0,	128,	0;
			0,	0,	0,	1024,	0,	256,	0,	256;
			512,	128,	0,	0,	256,	0,	1024,	256;
			128,	256,	512,	128,	0,	1024,	0,	128;
			1024,	0,	0,	0,	256,	256,	128,	0
u =  0, 0, 0, 0, 1, 1, 1, 1, 2, 2, 2, 3, 3, 3, 3, 3, 4, 4, 4, 5, 5, 5, 5, 5, 6, 6, 6, 6, 6, 6, 7, 7, 7, 7
v =  3, 5, 6, 7, 2, 3, 5, 6, 1, 3, 6, 0, 1, 2, 4, 6, 3, 5, 7, 0, 1, 4, 6, 7, 0, 1, 2, 3, 5, 7, 0, 4, 5, 6
e =  512, 512, 128, 1024, 256, 512, 128, 256, 256, 1024, 512, 512, 512, 1024, 1024, 128, 1024, 256, 256, 512, 128, 256, 1024, 256, 128, 256, 512, 128, 1024, 128, 1024, 256, 256, 128
x = 0,0,0,0,0,0,0,0
y = 0,0,0,0,0,0,0,0
