[general]
path = outputs/system/

[chiplets]
chiplet_count = 9
widths = 	27,	16,	17,	25,	21,	18,	25,	28,	26
heights = 	22,	16,	15,	26,	25,	22,	28,	23,	21
powers = 	51,	115,	57,	23,	88,	54,	153,	192,	104
target_reward = 0
connections = 0,	0,	128,	0,	0,	0,	0,	1024,	0;
			0,	0,	0,	0,	0,	128,	128,	0,	512;
			128,	0,	0,	0,	0,	256,	0,	0,	0;
			0,	0,	0,	0,	128,	0,	0,	0,	1024;
			0,	0,	0,	128,	0,	0,	128,	0,	0;
			0,	128,	256,	0,	0,	0,	128,	256,	0;
			0,	128,	0,	0,	128,	128,	0,	128,	256;
			1024,	0,	0,	0,	0,	256,	128,	0,	1024;
			0,	512,	0,	1024,	0,	0,	256,	1024,	0
u =  0, 0, 1, 1, 1, 2, 2, 3, 3, 4, 4, 5, 5, 5, 5, 6, 6, 6, 6, 6, 7, 7, 7, 7, 8, 8, 8, 8
v =  2, 7, 5, 6, 8, 0, 5, 4, 8, 3, 6, 1, 2, 6, 7, 1, 4, 5, 7, 8, 0, 5, 6, 8, 1, 3, 6, 7
e =  128, 1024, 128, 128, 512, 128, 256, 128, 1024, 128, 128, 128, 256, 128, 256, 128, 128, 128, 128, 256, 1024, 256, 128, 1024, 512, 1024, 256, 1024
x = 0,0,0,0,0,0,0,0,0
y = 0,0,0,0,0,0,0,0,0
