[general]
path = outputs/system/

[chiplets]
chiplet_count = 7
widths = 	18,	30,	19,	28,	17,	13,	18
heights = 	16,	27,	17,	28,	21,	12,	16
powers = 	178,	10,	14,	1,	70,	91,	81
target_reward = 0
connections = 0,	256,	0,	256,	0,	512,	0;
			256,	0,	512,	512,	512,	128,	0;
			0,	512,	0,	1024,	0,	1024,	256;
			256,	512,	1024,	0,	512,	256,	1024;
			0,	512,	0,	512,	0,	128,	256;
			512,	128,	1024,	256,	128,	0,	256;
			0,	0,	256,	1024,	256,	256,	0
u =  0, 0, 0, 1, 1, 1, 1, 1, 2, 2, 2, 2, 3, 3, 3, 3, 3, 3, 4, 4, 4, 4, 5, 5, 5, 5, 5, 5, 6, 6, 6, 6
v =  1, 3, 5, 0, 2, 3, 4, 5, 1, 3, 5, 6, 0, 1, 2, 4, 5, 6, 1, 3, 5, 6, 0, 1, 2, 3, 4, 6, 2, 3, 4, 5
e =  256, 256, 512, 256, 512, 512, 512, 128, 512, 1024, 1024, 256, 256, 512, 1024, 512, 256, 1024, 512, 512, 128, 256, 512, 128, 1024, 256, 128, 256, 256, 1024, 256, 256
x = 0,0,0,0,0,0,0
y = 0,0,0,0,0,0,0
