[general]
path = outputs/system/

[chiplets]
chiplet_count = 8
widths = 	24,	17,	12,	23,	24,	21,	23,	19
heights = 	21,	14,	10,	27,	23,	26,	28,	23
powers = 	97,	102,	145,	124,	149,	107,	53,	155
target_reward = 0
connections = 0,	0,	0,	0,	128,	0,	0,	1024;
			0,	0,	1024,	1024,	128,	0,	0,	256;
			0,	1024,	0,	512,	128,	512,	512,	0;
			0,	1024,	512,	0,	256,	0,	0,	0;
			128,	128,	128,	256,	0,	1024,	512,	0;
			0,	0,	512,	0,	1024,	0,	128,	0;
			0,	0,	512,	0,	512,	128,	0,	0;
			1024,	256,	0,	0,	0,	0,	0,	0
u =  0, 0, 1, 1, 1, 1, 2, 2, 2, 2, 2, 3, 3, 3, 4, 4, 4, 4, 4, 4, 5, 5, 5, 6, 6, 6, 7, 7
v =  4, 7, 2, 3, 4, 7, 1, 3, 4, 5, 6, 1, 2, 4, 0, 1, 2, 3, 5, 6, 2, 4, 6, 2, 4, 5, 0, 1
e =  128, 1024, 1024, 1024, 128, 256, 1024, 512, 128, 512, 512, 1024, 512, 256, 128, 128, 128, 256, 1024, 512, 512, 1024, 128, 512, 512, 128, 1024, 256
x = 0,0,0,0,0,0,0,0
y = 0,0,0,0,0,0,0,0
