[general]
path = outputs/system/

[chiplets]
chiplet_count = 9
widths = 	24,	14,	27,	22,	23,	20,	19,	24,	20
heights = 	22,	13,	23,	21,	26,	17,	17,	23,	21
powers = 	107,	65,	37,	175,	74,	47,	52,	110,	151
target_reward = 0
connections = 0,	128,	0,	512,	256,	0,	0,	128,	0;
			128,	0,	256,	0,	1024,	128,	0,	0,	0;
			0,	256,	0,	512,	512,	512,	0,	512,	0;
			512,	0,	512,	0,	0,	0,	128,	0,	0;
			256,	1024,	512,	0,	0,	512,	256,	0,	0;
			0,	128,	512,	0,	512,	0,	512,	512,	128;
			0,	0,	0,	128,	256,	512,	0,	128,	0;
			128,	0,	512,	0,	0,	512,	128,	0,	0;
			0,	0,	0,	0,	0,	128,	0,	0,	0
u =  0, 0, 0, 0, 1, 1, 1, 1, 2, 2, 2, 2, 2, 3, 3, 3, 4, 4, 4, 4, 4, 5, 5, 5, 5, 5, 5, 6, 6, 6, 6, 7, 7, 7, 7, 8
v =  1, 3, 4, 7, 0, 2, 4, 5, 1, 3, 4, 5, 7, 0, 2, 6, 0, 1, 2, 5, 6, 1, 2, 4, 6, 7, 8, 3, 4, 5, 7, 0, 2, 5, 6, 5
e =  128, 512, 256, 128, 128, 256, 1024, 128, 256, 512, 512, 512, 512, 512, 512, 128, 256, 1024, 512, 512, 256, 128, 512, 512, 512, 512, 128, 128, 256, 512, 128, 128, 512, 512, 128, 128
x = 0,0,0,0,0,0,0,0,0
y = 0,0,0,0,0,0,0,0,0
