[general]
path = outputs/system/

[chiplets]
chiplet_count = 9
widths = 	23,	27,	6,	29,	22,	22,	21,	13,	22
heights = 	20,	23,	6,	26,	19,	23,	22,	15,	21
powers = 	197,	77,	12,	76,	83,	121,	154,	153,	11
target_reward = 0
connections = 0,	0,	0,	0,	0,	128,	0,	0,	512;
			0,	0,	512,	0,	0,	1024,	0,	256,	0;
			0,	512,	0,	1024,	128,	0,	0,	0,	0;
			0,	0,	1024,	0,	128,	512,	0,	512,	0;
			0,	0,	128,	128,	0,	0,	0,	0,	0;
			128,	1024,	0,	512,	0,	0,	128,	256,	1024;
			0,	0,	0,	0,	0,	128,	0,	1024,	0;
			0,	256,	0,	512,	0,	256,	1024,	0,	0;
			512,	0,	0,	0,	0,	1024,	0,	0,	0
u =  0, 0, 1, 1, 1, 2, 2, 2, 3, 3, 3, 3, 4, 4, 5, 5, 5, 5, 5, 5, 6, 6, 7, 7, 7, 7, 8, 8
v =  5, 8, 2, 5, 7, 1, 3, 4, 2, 4, 5, 7, 2, 3, 0, 1, 3, 6, 7, 8, 5, 7, 1, 3, 5, 6, 0, 5
e =  128, 512, 512, 1024, 256, 512, 1024, 128, 1024, 128, 512, 512, 128, 128, 128, 1024, 512, 128, 256, 1024, 128, 1024, 256, 512, 256, 1024, 512, 1024
x = 0,0,0,0,0,0,0,0,0
y = 0,0,0,0,0,0,0,0,0
