[general]
path = outputs/system/

[chiplets]
chiplet_count = 10
widths = 	28,	10,	29,	18,	26,	5,	23,	21,	29,	28
heights = 	23,	10,	27,	18,	25,	5,	28,	19,	27,	24
powers = 	114,	166,	63,	32,	151,	126,	126,	53,	15,	53
target_reward = 0
connections = 0,	256,	1024,	0,	128,	512,	256,	1024,	128,	0;
			256,	0,	128,	0,	0,	128,	0,	128,	128,	128;
			1024,	128,	0,	1024,	128,	0,	0,	0,	0,	128;
			0,	0,	1024,	0,	512,	512,	0,	0,	0,	0;
			128,	0,	128,	512,	0,	0,	0,	0,	0,	0;
			512,	128,	0,	512,	0,	0,	0,	0,	0,	0;
			256,	0,	0,	0,	0,	0,	0,	0,	0,	0;
			1024,	128,	0,	0,	0,	0,	0,	0,	0,	512;
			128,	128,	0,	0,	0,	0,	0,	0,	0,	0;
			0,	128,	128,	0,	0,	0,	0,	512,	0,	0
u =  0, 0, 0, 0, 0, 0, 0, 1, 1, 1, 1, 1, 1, 2, 2, 2, 2, 2, 3, 3, 3, 4, 4, 4, 5, 5, 5, 6, 7, 7, 7, 8, 8, 9, 9, 9
v =  1, 2, 4, 5, 6, 7, 8, 0, 2, 5, 7, 8, 9, 0, 1, 3, 4, 9, 2, 4, 5, 0, 2, 3, 0, 1, 3, 0, 0, 1, 9, 0, 1, 1, 2, 7
e =  256, 1024, 128, 512, 256, 1024, 128, 256, 128, 128, 128, 128, 128, 1024, 128, 1024, 128, 128, 1024, 512, 512, 128, 128, 512, 512, 128, 512, 256, 1024, 128, 512, 128, 128, 128, 128, 512
x = 0,0,0,0,0,0,0,0,0,0
y = 0,0,0,0,0,0,0,0,0,0
