[general]
path = outputs/system/

[chiplets]
chiplet_count = 8
widths = 	14,	23,	28,	21,	23,	23,	15,	23
heights = 	14,	27,	30,	24,	24,	19,	14,	22
powers = 	155,	123,	74,	83,	191,	182,	125,	69
target_reward = 0
connections = 0,	0,	0,	0,	128,	1024,	0,	0;
			0,	0,	0,	1024,	256,	0,	256,	512;
			0,	0,	0,	0,	1024,	512,	256,	0;
			0,	1024,	0,	0,	128,	1024,	0,	0;
			128,	256,	1024,	128,	0,	256,	0,	0;
			1024,	0,	512,	1024,	256,	0,	512,	1024;
			0,	256,	256,	0,	0,	512,	0,	256;
			0,	512,	0,	0,	0,	1024,	256,	0
u =  0, 0, 1, 1, 1, 1, 2, 2, 2, 3, 3, 3, 4, 4, 4, 4, 4, 5, 5, 5, 5, 5, 5, 6, 6, 6, 6, 7, 7, 7
v =  4, 5, 3, 4, 6, 7, 4, 5, 6, 1, 4, 5, 0, 1, 2, 3, 5, 0, 2, 3, 4, 6, 7, 1, 2, 5, 7, 1, 5, 6
e =  128, 1024, 1024, 256, 256, 512, 1024, 512, 256, 1024, 128, 1024, 128, 256, 1024, 128, 256, 1024, 512, 1024, 256, 512, 1024, 256, 256, 512, 256, 512, 1024, 256
x = 0,0,0,0,0,0,0,0
y = 0,0,0,0,0,0,0,0
