[general]
path = outputs/system/

[chiplets]
chiplet_count = 10
widths = 	25,	22,	26,	28,	15,	5,	25,	17,	16,	11
heights = 	28,	24,	28,	28,	17,	4,	21,	20,	15,	12
powers = 	160,	190,	81,	166,	176,	42,	72,	159,	105,	46
target_reward = 0
connections = 0,	0,	1024,	0,	0,	512,	0,	0,	0,	256;
			0,	0,	0,	0,	0,	0,	1024,	512,	1024,	0;
			1024,	0,	0,	0,	0,	1024,	256,	0,	256,	512;
			0,	0,	0,	0,	512,	128,	0,	256,	1024,	0;
			0,	0,	0,	512,	0,	512,	512,	512,	0,	512;
			512,	0,	1024,	128,	512,	0,	0,	512,	0,	0;
			0,	1024,	256,	0,	512,	0,	0,	0,	0,	0;
			0,	512,	0,	256,	512,	512,	0,	0,	0,	1024;
			0,	1024,	256,	1024,	0,	0,	0,	0,	0,	0;
			256,	0,	512,	0,	512,	0,	0,	1024,	0,	0
u =  0, 0, 0, 1, 1, 1, 2, 2, 2, 2, 2, 3, 3, 3, 3, 4, 4, 4, 4, 4, 5, 5, 5, 5, 5, 6, 6, 6, 7, 7, 7, 7, 7, 8, 8, 8, 9, 9, 9, 9
v =  2, 5, 9, 6, 7, 8, 0, 5, 6, 8, 9, 4, 5, 7, 8, 3, 5, 6, 7, 9, 0, 2, 3, 4, 7, 1, 2, 4, 1, 3, 4, 5, 9, 1, 2, 3, 0, 2, 4, 7
e =  1024, 512, 256, 1024, 512, 1024, 1024, 1024, 256, 256, 512, 512, 128, 256, 1024, 512, 512, 512, 512, 512, 512, 1024, 128, 512, 512, 1024, 256, 512, 512, 256, 512, 512, 1024, 1024, 256, 1024, 256, 512, 512, 1024
x = 0,0,0,0,0,0,0,0,0,0
y = 0,0,0,0,0,0,0,0,0,0
