[general]
path = outputs/system/

[chiplets]
chiplet_count = 9
widths = 	29,	16,	15,	16,	17,	18,	5,	4,	28
heights = 	24,	17,	18,	18,	17,	17,	5,	4,	28
powers = 	165,	172,	18,	37,	121,	45,	114,	138,	59
target_reward = 0
connections = 0,	1024,	0,	0,	0,	0,	0,	0,	1024;
			1024,	0,	256,	1024,	1024,	1024,	0,	128,	0;
			0,	256,	0,	0,	0,	0,	256,	0,	0;
			0,	1024,	0,	0,	0,	0,	512,	0,	0;
			0,	1024,	0,	0,	0,	0,	0,	0,	128;
			0,	1024,	0,	0,	0,	0,	256,	1024,	512;
			0,	0,	256,	512,	0,	256,	0,	1024,	256;
			0,	128,	0,	0,	0,	1024,	1024,	0,	512;
			1024,	0,	0,	0,	128,	512,	256,	512,	0
u =  0, 0, 1, 1, 1, 1, 1, 1, 2, 2, 3, 3, 4, 4, 5, 5, 5, 5, 6, 6, 6, 6, 6, 7, 7, 7, 7, 8, 8, 8, 8, 8
v =  1, 8, 0, 2, 3, 4, 5, 7, 1, 6, 1, 6, 1, 8, 1, 6, 7, 8, 2, 3, 5, 7, 8, 1, 5, 6, 8, 0, 4, 5, 6, 7
e =  1024, 1024, 1024, 256, 1024, 1024, 1024, 128, 256, 256, 1024, 512, 1024, 128, 1024, 256, 1024, 512, 256, 512, 256, 1024, 256, 128, 1024, 1024, 512, 1024, 128, 512, 256, 512
x = 0,0,0,0,0,0,0,0,0
y = 0,0,0,0,0,0,0,0,0
