[general]
path = outputs/system/

[chiplets]
chiplet_count = 10
widths = 	27,	24,	20,	26,	27,	21,	6,	22,	13,	25
heights = 	29,	29,	18,	22,	29,	17,	6,	20,	15,	27
powers = 	57,	13,	99,	132,	90,	189,	149,	148,	25,	101
target_reward = 0
connections = 0,	128,	512,	0,	0,	0,	0,	0,	0,	0;
			128,	0,	512,	0,	0,	256,	0,	128,	0,	0;
			512,	512,	0,	0,	0,	0,	0,	256,	256,	0;
			0,	0,	0,	0,	0,	0,	256,	1024,	0,	0;
			0,	0,	0,	0,	0,	1024,	1024,	256,	0,	128;
			0,	256,	0,	0,	1024,	0,	0,	512,	0,	0;
			0,	0,	0,	256,	1024,	0,	0,	0,	512,	0;
			0,	128,	256,	1024,	256,	512,	0,	0,	256,	256;
			0,	0,	256,	0,	0,	0,	512,	256,	0,	512;
			0,	0,	0,	0,	128,	0,	0,	256,	512,	0
u =  0, 0, 1, 1, 1, 1, 2, 2, 2, 2, 3, 3, 4, 4, 4, 4, 5, 5, 5, 6, 6, 6, 7, 7, 7, 7, 7, 7, 7, 8, 8, 8, 8, 9, 9, 9
v =  1, 2, 0, 2, 5, 7, 0, 1, 7, 8, 6, 7, 5, 6, 7, 9, 1, 4, 7, 3, 4, 8, 1, 2, 3, 4, 5, 8, 9, 2, 6, 7, 9, 4, 7, 8
e =  128, 512, 128, 512, 256, 128, 512, 512, 256, 256, 256, 1024, 1024, 1024, 256, 128, 256, 1024, 512, 256, 1024, 512, 128, 256, 1024, 256, 512, 256, 256, 256, 512, 256, 512, 128, 256, 512
x = 0,0,0,0,0,0,0,0,0,0
y = 0,0,0,0,0,0,0,0,0,0
