[general]
path = outputs/system/

[chiplets]
chiplet_count = 10
widths = 	26,	12,	20,	19,	26,	21,	22,	29,	22,	14
heights = 	21,	13,	16,	19,	24,	18,	24,	25,	26,	12
powers = 	24,	140,	185,	85,	36,	22,	160,	64,	106,	19
target_reward = 0
connections = 0,	0,	1024,	0,	128,	128,	128,	0,	128,	256;
			0,	0,	0,	0,	0,	128,	0,	0,	0,	0;
			1024,	0,	0,	128,	512,	0,	0,	0,	512,	0;
			0,	0,	128,	0,	512,	512,	0,	0,	0,	0;
			128,	0,	512,	512,	0,	0,	0,	512,	1024,	128;
			128,	128,	0,	512,	0,	0,	0,	0,	0,	0;
			128,	0,	0,	0,	0,	0,	0,	128,	0,	0;
			0,	0,	0,	0,	512,	0,	128,	0,	128,	256;
			128,	0,	512,	0,	1024,	0,	0,	128,	0,	512;
			256,	0,	0,	0,	128,	0,	0,	256,	512,	0
u =  0, 0, 0, 0, 0, 0, 1, 2, 2, 2, 2, 3, 3, 3, 4, 4, 4, 4, 4, 4, 5, 5, 5, 6, 6, 7, 7, 7, 7, 8, 8, 8, 8, 8, 9, 9, 9, 9
v =  2, 4, 5, 6, 8, 9, 5, 0, 3, 4, 8, 2, 4, 5, 0, 2, 3, 7, 8, 9, 0, 1, 3, 0, 7, 4, 6, 8, 9, 0, 2, 4, 7, 9, 0, 4, 7, 8
e =  1024, 128, 128, 128, 128, 256, 128, 1024, 128, 512, 512, 128, 512, 512, 128, 512, 512, 512, 1024, 128, 128, 128, 512, 128, 128, 512, 128, 128, 256, 128, 512, 1024, 128, 512, 256, 128, 256, 512
x = 0,0,0,0,0,0,0,0,0,0
y = 0,0,0,0,0,0,0,0,0,0
