[general]
path = outputs/system/

[chiplets]
chiplet_count = 11
widths = 	25,	4,	21,	22,	12,	29,	25,	13,	26,	24,	24
heights = 	30,	5,	17,	26,	15,	26,	24,	15,	23,	20,	27
powers = 	1,	30,	155,	163,	150,	29,	196,	14,	82,	185,	80
target_reward = 0
connections = 0,	0,	128,	0,	0,	512,	0,	0,	0,	0,	256;
			0,	0,	256,	1024,	256,	0,	0,	0,	0,	0,	0;
			128,	256,	0,	1024,	256,	256,	0,	256,	1024,	128,	0;
			0,	1024,	1024,	0,	128,	1024,	0,	0,	0,	0,	0;
			0,	256,	256,	128,	0,	0,	0,	0,	0,	0,	0;
			512,	0,	256,	1024,	0,	0,	0,	0,	0,	1024,	0;
			0,	0,	0,	0,	0,	0,	0,	512,	0,	128,	0;
			0,	0,	256,	0,	0,	0,	512,	0,	128,	0,	0;
			0,	0,	1024,	0,	0,	0,	0,	128,	0,	128,	0;
			0,	0,	128,	0,	0,	1024,	128,	0,	128,	0,	0;
			256,	0,	0,	0,	0,	0,	0,	0,	0,	0,	0
u =  0, 0, 0, 1, 1, 1, 2, 2, 2, 2, 2, 2, 2, 2, 3, 3, 3, 3, 4, 4, 4, 5, 5, 5, 5, 6, 6, 7, 7, 7, 8, 8, 8, 9, 9, 9, 9, 10
v =  2, 5, 10, 2, 3, 4, 0, 1, 3, 4, 5, 7, 8, 9, 1, 2, 4, 5, 1, 2, 3, 0, 2, 3, 9, 7, 9, 2, 6, 8, 2, 7, 9, 2, 5, 6, 8, 0
e =  128, 512, 256, 256, 1024, 256, 128, 256, 1024, 256, 256, 256, 1024, 128, 1024, 1024, 128, 1024, 256, 256, 128, 512, 256, 1024, 1024, 512, 128, 256, 512, 128, 1024, 128, 128, 128, 1024, 128, 128, 256
x = 0,0,0,0,0,0,0,0,0,0,0
y = 0,0,0,0,0,0,0,0,0,0,0
