[general]
path = outputs/system/

[chiplets]
chiplet_count = 8
widths = 	27,	13,	17,	14,	21,	22,	27,	21
heights = 	29,	15,	21,	16,	19,	18,	29,	24
powers = 	125,	23,	135,	52,	99,	3,	60,	170
target_reward = 0
connections = 0,	0,	1024,	0,	256,	0,	512,	0;
			0,	0,	256,	0,	128,	0,	0,	0;
			1024,	256,	0,	128,	0,	0,	0,	1024;
			0,	0,	128,	0,	512,	1024,	128,	512;
			256,	128,	0,	512,	0,	1024,	512,	0;
			0,	0,	0,	1024,	1024,	0,	128,	512;
			512,	0,	0,	128,	512,	128,	0,	0;
			0,	0,	1024,	512,	0,	512,	0,	0
u =  0, 0, 0, 1, 1, 2, 2, 2, 2, 3, 3, 3, 3, 3, 4, 4, 4, 4, 4, 5, 5, 5, 5, 6, 6, 6, 6, 7, 7, 7
v =  2, 4, 6, 2, 4, 0, 1, 3, 7, 2, 4, 5, 6, 7, 0, 1, 3, 5, 6, 3, 4, 6, 7, 0, 3, 4, 5, 2, 3, 5
e =  1024, 256, 512, 256, 128, 1024, 256, 128, 1024, 128, 512, 1024, 128, 512, 256, 128, 512, 1024, 512, 1024, 1024, 128, 512, 512, 128, 512, 128, 1024, 512, 512
x = 0,0,0,0,0,0,0,0
y = 0,0,0,0,0,0,0,0
