[general]
path = outputs/system/

[chiplets]
chiplet_count = 8
widths = 	25,	14,	3,	15,	20,	20,	20,	11
heights = 	22,	12,	3,	18,	22,	20,	16,	10
powers = 	47,	97,	52,	89,	14,	123,	32,	85
target_reward = 0
connections = 0,	128,	0,	0,	0,	1024,	0,	0;
			128,	0,	256,	0,	512,	0,	1024,	1024;
			0,	256,	0,	512,	128,	1024,	0,	0;
			0,	0,	512,	0,	1024,	1024,	512,	0;
			0,	512,	128,	1024,	0,	0,	0,	1024;
			1024,	0,	1024,	1024,	0,	0,	0,	512;
			0,	1024,	0,	512,	0,	0,	0,	0;
			0,	1024,	0,	0,	1024,	512,	0,	0
u =  0, 0, 1, 1, 1, 1, 1, 2, 2, 2, 2, 3, 3, 3, 3, 4, 4, 4, 4, 5, 5, 5, 5, 6, 6, 7, 7, 7
v =  1, 5, 0, 2, 4, 6, 7, 1, 3, 4, 5, 2, 4, 5, 6, 1, 2, 3, 7, 0, 2, 3, 7, 1, 3, 1, 4, 5
e =  128, 1024, 128, 256, 512, 1024, 1024, 256, 512, 128, 1024, 512, 1024, 1024, 512, 512, 128, 1024, 1024, 1024, 1024, 1024, 512, 1024, 512, 1024, 1024, 512
x = 0,0,0,0,0,0,0,0
y = 0,0,0,0,0,0,0,0
