[general]
path = outputs/system/

[chiplets]
chiplet_count = 8
widths = 	27,	23,	20,	24,	12,	18,	22,	22
heights = 	27,	26,	20,	22,	12,	18,	24,	21
powers = 	189,	145,	22,	50,	164,	39,	192,	185
target_reward = 0
connections = 0,	512,	256,	0,	128,	256,	256,	0;
			512,	0,	1024,	0,	0,	256,	0,	128;
			256,	1024,	0,	512,	1024,	256,	1024,	512;
			0,	0,	512,	0,	128,	256,	0,	0;
			128,	0,	1024,	128,	0,	512,	512,	256;
			256,	256,	256,	256,	512,	0,	0,	0;
			256,	0,	1024,	0,	512,	0,	0,	512;
			0,	128,	512,	0,	256,	0,	512,	0
u =  0, 0, 0, 0, 0, 1, 1, 1, 1, 2, 2, 2, 2, 2, 2, 2, 3, 3, 3, 4, 4, 4, 4, 4, 4, 5, 5, 5, 5, 5, 6, 6, 6, 6, 7, 7, 7, 7
v =  1, 2, 4, 5, 6, 0, 2, 5, 7, 0, 1, 3, 4, 5, 6, 7, 2, 4, 5, 0, 2, 3, 5, 6, 7, 0, 1, 2, 3, 4, 0, 2, 4, 7, 1, 2, 4, 6
e =  512, 256, 128, 256, 256, 512, 1024, 256, 128, 256, 1024, 512, 1024, 256, 1024, 512, 512, 128, 256, 128, 1024, 128, 512, 512, 256, 256, 256, 256, 256, 512, 256, 1024, 512, 512, 128, 512, 256, 512
x = 0,0,0,0,0,0,0,0
y = 0,0,0,0,0,0,0,0
