[general]
path = outputs/system/

[chiplets]
chiplet_count = 9
widths = 	16,	25,	28,	15,	19,	11,	25,	19,	13
heights = 	16,	23,	28,	18,	19,	13,	28,	20,	13
powers = 	28,	186,	152,	180,	182,	31,	71,	52,	51
target_reward = 0
connections = 0,	0,	256,	256,	0,	0,	0,	0,	128;
			0,	0,	0,	0,	512,	256,	512,	0,	512;
			256,	0,	0,	128,	0,	128,	0,	512,	0;
			256,	0,	128,	0,	128,	1024,	256,	0,	0;
			0,	512,	0,	128,	0,	256,	0,	1024,	0;
			0,	256,	128,	1024,	256,	0,	1024,	0,	256;
			0,	512,	0,	256,	0,	1024,	0,	0,	128;
			0,	0,	512,	0,	1024,	0,	0,	0,	0;
			128,	512,	0,	0,	0,	256,	128,	0,	0
u =  0, 0, 0, 1, 1, 1, 1, 2, 2, 2, 2, 3, 3, 3, 3, 3, 4, 4, 4, 4, 5, 5, 5, 5, 5, 5, 6, 6, 6, 6, 7, 7, 8, 8, 8, 8
v =  2, 3, 8, 4, 5, 6, 8, 0, 3, 5, 7, 0, 2, 4, 5, 6, 1, 3, 5, 7, 1, 2, 3, 4, 6, 8, 1, 3, 5, 8, 2, 4, 0, 1, 5, 6
e =  256, 256, 128, 512, 256, 512, 512, 256, 128, 128, 512, 256, 128, 128, 1024, 256, 512, 128, 256, 1024, 256, 128, 1024, 256, 1024, 256, 512, 256, 1024, 128, 512, 1024, 128, 512, 256, 128
x = 0,0,0,0,0,0,0,0,0
y = 0,0,0,0,0,0,0,0,0
