[general]
path = outputs/system/

[chiplets]
chiplet_count = 11
widths = 	29,	16,	25,	9,	22,	27,	24,	13,	30,	18,	21
heights = 	24,	13,	25,	10,	19,	24,	22,	12,	29,	15,	25
powers = 	28,	85,	147,	37,	184,	148,	182,	6,	136,	158,	55
target_reward = 0
connections = 0,	0,	0,	1024,	0,	0,	0,	0,	512,	0,	0;
			0,	0,	0,	256,	1024,	0,	0,	0,	0,	0,	512;
			0,	0,	0,	1024,	1024,	0,	0,	0,	1024,	0,	128;
			1024,	256,	1024,	0,	128,	0,	0,	0,	256,	0,	0;
			0,	1024,	1024,	128,	0,	0,	0,	1024,	256,	0,	512;
			0,	0,	0,	0,	0,	0,	256,	1024,	0,	0,	0;
			0,	0,	0,	0,	0,	256,	0,	256,	0,	128,	0;
			0,	0,	0,	0,	1024,	1024,	256,	0,	0,	128,	0;
			512,	0,	1024,	256,	256,	0,	0,	0,	0,	0,	0;
			0,	0,	0,	0,	0,	0,	128,	128,	0,	0,	0;
			0,	512,	128,	0,	512,	0,	0,	0,	0,	0,	0
u =  0, 0, 1, 1, 1, 2, 2, 2, 2, 3, 3, 3, 3, 3, 4, 4, 4, 4, 4, 4, 5, 5, 6, 6, 6, 7, 7, 7, 7, 8, 8, 8, 8, 9, 9, 10, 10, 10
v =  3, 8, 3, 4, 10, 3, 4, 8, 10, 0, 1, 2, 4, 8, 1, 2, 3, 7, 8, 10, 6, 7, 5, 7, 9, 4, 5, 6, 9, 0, 2, 3, 4, 6, 7, 1, 2, 4
e =  1024, 512, 256, 1024, 512, 1024, 1024, 1024, 128, 1024, 256, 1024, 128, 256, 1024, 1024, 128, 1024, 256, 512, 256, 1024, 256, 256, 128, 1024, 1024, 256, 128, 512, 1024, 256, 256, 128, 128, 512, 128, 512
x = 0,0,0,0,0,0,0,0,0,0,0
y = 0,0,0,0,0,0,0,0,0,0,0
