[general]
path = outputs/system/

[chiplets]
chiplet_count = 8
widths = 	12,	22,	20,	26,	10,	22,	9,	23
heights = 	11,	26,	23,	27,	12,	22,	10,	20
powers = 	30,	102,	60,	49,	15,	126,	153,	151
target_reward = 0
connections = 0,	256,	128,	1024,	0,	0,	0,	0;
			256,	0,	128,	256,	0,	0,	0,	0;
			128,	128,	0,	128,	128,	0,	0,	256;
			1024,	256,	128,	0,	0,	0,	0,	0;
			0,	0,	128,	0,	0,	512,	0,	1024;
			0,	0,	0,	0,	512,	0,	1024,	0;
			0,	0,	0,	0,	0,	1024,	0,	256;
			0,	0,	256,	0,	1024,	0,	256,	0
u =  0, 0, 0, 1, 1, 1, 2, 2, 2, 2, 2, 3, 3, 3, 4, 4, 4, 5, 5, 6, 6, 7, 7, 7
v =  1, 2, 3, 0, 2, 3, 0, 1, 3, 4, 7, 0, 1, 2, 2, 5, 7, 4, 6, 5, 7, 2, 4, 6
e =  256, 128, 1024, 256, 128, 256, 128, 128, 128, 128, 256, 1024, 256, 128, 128, 512, 1024, 512, 1024, 1024, 256, 256, 1024, 256
x = 0,0,0,0,0,0,0,0
y = 0,0,0,0,0,0,0,0
