[general]
path = outputs/system/

[chiplets]
chiplet_count = 11
widths = 	10,	17,	23,	6,	26,	20,	11,	11,	22,	9,	8
heights = 	10,	18,	22,	6,	22,	22,	13,	13,	21,	8,	7
powers = 	85,	135,	72,	88,	172,	192,	159,	71,	53,	150,	127
target_reward = 0
connections = 0,	0,	0,	0,	0,	0,	256,	0,	128,	0,	0;
			0,	0,	256,	128,	0,	0,	0,	1024,	0,	0,	0;
			0,	256,	0,	128,	128,	0,	0,	512,	0,	256,	0;
			0,	128,	128,	0,	1024,	256,	512,	256,	0,	0,	256;
			0,	0,	128,	1024,	0,	0,	1024,	0,	512,	0,	0;
			0,	0,	0,	256,	0,	0,	512,	0,	0,	0,	1024;
			256,	0,	0,	512,	1024,	512,	0,	512,	0,	0,	0;
			0,	1024,	512,	256,	0,	0,	512,	0,	0,	0,	0;
			128,	0,	0,	0,	512,	0,	0,	0,	0,	0,	0;
			0,	0,	256,	0,	0,	0,	0,	0,	0,	0,	0;
			0,	0,	0,	256,	0,	1024,	0,	0,	0,	0,	0
u =  0, 0, 1, 1, 1, 2, 2, 2, 2, 2, 3, 3, 3, 3, 3, 3, 3, 4, 4, 4, 4, 5, 5, 5, 6, 6, 6, 6, 6, 7, 7, 7, 7, 8, 8, 9, 10, 10
v =  6, 8, 2, 3, 7, 1, 3, 4, 7, 9, 1, 2, 4, 5, 6, 7, 10, 2, 3, 6, 8, 3, 6, 10, 0, 3, 4, 5, 7, 1, 2, 3, 6, 0, 4, 2, 3, 5
e =  256, 128, 256, 128, 1024, 256, 128, 128, 512, 256, 128, 128, 1024, 256, 512, 256, 256, 128, 1024, 1024, 512, 256, 512, 1024, 256, 512, 1024, 512, 512, 1024, 512, 256, 512, 128, 512, 256, 256, 1024
x = 0,0,0,0,0,0,0,0,0,0,0
y = 0,0,0,0,0,0,0,0,0,0,0
