[general]
path = outputs/system/

[chiplets]
chiplet_count = 11
widths = 	21,	21,	30,	27,	11,	30,	27,	11,	15,	10,	23
heights = 	26,	25,	30,	24,	11,	25,	24,	11,	12,	12,	19
powers = 	153,	81,	65,	30,	118,	75,	58,	87,	35,	55,	185
target_reward = 0
connections = 0,	0,	0,	128,	0,	512,	128,	1024,	0,	0,	512;
			0,	0,	0,	0,	0,	0,	0,	0,	0,	512,	0;
			0,	0,	0,	512,	128,	0,	0,	0,	0,	0,	512;
			128,	0,	512,	0,	128,	256,	0,	0,	0,	1024,	256;
			0,	0,	128,	128,	0,	0,	0,	0,	0,	1024,	0;
			512,	0,	0,	256,	0,	0,	256,	0,	0,	0,	0;
			128,	0,	0,	0,	0,	256,	0,	0,	0,	512,	0;
			1024,	0,	0,	0,	0,	0,	0,	0,	128,	256,	0;
			0,	0,	0,	0,	0,	0,	0,	128,	0,	128,	128;
			0,	512,	0,	1024,	1024,	0,	512,	256,	128,	0,	0;
			512,	0,	512,	256,	0,	0,	0,	0,	128,	0,	0
u =  0, 0, 0, 0, 0, 1, 2, 2, 2, 3, 3, 3, 3, 3, 3, 4, 4, 4, 5, 5, 5, 6, 6, 6, 7, 7, 7, 8, 8, 8, 9, 9, 9, 9, 9, 9, 10, 10, 10, 10
v =  3, 5, 6, 7, 10, 9, 3, 4, 10, 0, 2, 4, 5, 9, 10, 2, 3, 9, 0, 3, 6, 0, 5, 9, 0, 8, 9, 7, 9, 10, 1, 3, 4, 6, 7, 8, 0, 2, 3, 8
e =  128, 512, 128, 1024, 512, 512, 512, 128, 512, 128, 512, 128, 256, 1024, 256, 128, 128, 1024, 512, 256, 256, 128, 256, 512, 1024, 128, 256, 128, 128, 128, 512, 1024, 1024, 512, 256, 128, 512, 512, 256, 128
x = 0,0,0,0,0,0,0,0,0,0,0
y = 0,0,0,0,0,0,0,0,0,0,0
