[general]
path = outputs/system/

[chiplets]
chiplet_count = 11
widths = 	12,	17,	8,	25,	17,	26,	19,	27,	22,	24,	30
heights = 	10,	14,	10,	30,	16,	29,	19,	26,	23,	29,	29
powers = 	177,	81,	144,	84,	159,	102,	139,	162,	74,	132,	134
target_reward = 0
connections = 0,	1024,	1024,	512,	256,	0,	0,	0,	512,	0,	0;
			1024,	0,	256,	0,	0,	0,	0,	0,	128,	0,	0;
			1024,	256,	0,	512,	256,	0,	0,	0,	0,	0,	0;
			512,	0,	512,	0,	0,	256,	1024,	0,	0,	0,	128;
			256,	0,	256,	0,	0,	1024,	256,	0,	512,	0,	0;
			0,	0,	0,	256,	1024,	0,	128,	128,	1024,	0,	0;
			0,	0,	0,	1024,	256,	128,	0,	256,	0,	512,	0;
			0,	0,	0,	0,	0,	128,	256,	0,	0,	0,	0;
			512,	128,	0,	0,	512,	1024,	0,	0,	0,	0,	0;
			0,	0,	0,	0,	0,	0,	512,	0,	0,	0,	0;
			0,	0,	0,	128,	0,	0,	0,	0,	0,	0,	0
u =  0, 0, 0, 0, 0, 1, 1, 1, 2, 2, 2, 2, 3, 3, 3, 3, 3, 4, 4, 4, 4, 4, 5, 5, 5, 5, 5, 6, 6, 6, 6, 6, 7, 7, 8, 8, 8, 8, 9, 10
v =  1, 2, 3, 4, 8, 0, 2, 8, 0, 1, 3, 4, 0, 2, 5, 6, 10, 0, 2, 5, 6, 8, 3, 4, 6, 7, 8, 3, 4, 5, 7, 9, 5, 6, 0, 1, 4, 5, 6, 3
e =  1024, 1024, 512, 256, 512, 1024, 256, 128, 1024, 256, 512, 256, 512, 512, 256, 1024, 128, 256, 256, 1024, 256, 512, 256, 1024, 128, 128, 1024, 1024, 256, 128, 256, 512, 128, 256, 512, 128, 512, 1024, 512, 128
x = 0,0,0,0,0,0,0,0,0,0,0
y = 0,0,0,0,0,0,0,0,0,0,0
