[general]
path = outputs/system/

[chiplets]
chiplet_count = 8
widths = 	20,	28,	6,	24,	23,	4,	28,	20
heights = 	24,	29,	7,	22,	25,	4,	26,	16
powers = 	147,	157,	190,	124,	178,	123,	125,	8
target_reward = 0
connections = 0,	0,	1024,	0,	0,	0,	0,	0;
			0,	0,	0,	0,	128,	256,	512,	0;
			1024,	0,	0,	512,	512,	1024,	0,	1024;
			0,	0,	512,	0,	512,	512,	0,	0;
			0,	128,	512,	512,	0,	256,	1024,	256;
			0,	256,	1024,	512,	256,	0,	128,	0;
			0,	512,	0,	0,	1024,	128,	0,	1024;
			0,	0,	1024,	0,	256,	0,	1024,	0
u =  0, 1, 1, 1, 2, 2, 2, 2, 2, 3, 3, 3, 4, 4, 4, 4, 4, 4, 5, 5, 5, 5, 5, 6, 6, 6, 6, 7, 7, 7
v =  2, 4, 5, 6, 0, 3, 4, 5, 7, 2, 4, 5, 1, 2, 3, 5, 6, 7, 1, 2, 3, 4, 6, 1, 4, 5, 7, 2, 4, 6
e =  1024, 128, 256, 512, 1024, 512, 512, 1024, 1024, 512, 512, 512, 128, 512, 512, 256, 1024, 256, 256, 1024, 512, 256, 128, 512, 1024, 128, 1024, 1024, 256, 1024
x = 0,0,0,0,0,0,0,0
y = 0,0,0,0,0,0,0,0
