[general]
path = outputs/system/

[chiplets]
chiplet_count = 10
widths = 	7,	12,	7,	6,	22,	24,	21,	26,	23,	12
heights = 	7,	14,	7,	5,	23,	25,	24,	30,	25,	10
powers = 	115,	46,	148,	197,	63,	127,	162,	192,	40,	96
target_reward = 0
connections = 0,	128,	0,	0,	1024,	256,	0,	0,	1024,	0;
			128,	0,	1024,	256,	0,	0,	128,	0,	0,	0;
			0,	1024,	0,	128,	0,	256,	0,	0,	0,	0;
			0,	256,	128,	0,	0,	256,	1024,	0,	512,	0;
			1024,	0,	0,	0,	0,	512,	0,	0,	0,	0;
			256,	0,	256,	256,	512,	0,	1024,	0,	1024,	1024;
			0,	128,	0,	1024,	0,	1024,	0,	512,	0,	0;
			0,	0,	0,	0,	0,	0,	512,	0,	256,	128;
			1024,	0,	0,	512,	0,	1024,	0,	256,	0,	1024;
			0,	0,	0,	0,	0,	1024,	0,	128,	1024,	0
u =  0, 0, 0, 0, 1, 1, 1, 1, 2, 2, 2, 3, 3, 3, 3, 3, 4, 4, 5, 5, 5, 5, 5, 5, 5, 6, 6, 6, 6, 7, 7, 7, 8, 8, 8, 8, 8, 9, 9, 9
v =  1, 4, 5, 8, 0, 2, 3, 6, 1, 3, 5, 1, 2, 5, 6, 8, 0, 5, 0, 2, 3, 4, 6, 8, 9, 1, 3, 5, 7, 6, 8, 9, 0, 3, 5, 7, 9, 5, 7, 8
e =  128, 1024, 256, 1024, 128, 1024, 256, 128, 1024, 128, 256, 256, 128, 256, 1024, 512, 1024, 512, 256, 256, 256, 512, 1024, 1024, 1024, 128, 1024, 1024, 512, 512, 256, 128, 1024, 512, 1024, 256, 1024, 1024, 128, 1024
x = 0,0,0,0,0,0,0,0,0,0
y = 0,0,0,0,0,0,0,0,0,0
