[general]
path = outputs/system/

[chiplets]
chiplet_count = 10
widths = 	13,	17,	22,	17,	16,	23,	24,	23,	16,	19
heights = 	16,	15,	22,	20,	16,	22,	27,	21,	18,	20
powers = 	152,	119,	52,	3,	33,	34,	183,	163,	20,	56
target_reward = 0
connections = 0,	0,	256,	256,	0,	0,	0,	256,	0,	0;
			0,	0,	1024,	0,	0,	512,	0,	0,	512,	0;
			256,	1024,	0,	0,	0,	0,	512,	0,	512,	0;
			256,	0,	0,	0,	0,	0,	256,	256,	128,	1024;
			0,	0,	0,	0,	0,	128,	128,	0,	0,	0;
			0,	512,	0,	0,	128,	0,	512,	1024,	0,	0;
			0,	0,	512,	256,	128,	512,	0,	1024,	0,	128;
			256,	0,	0,	256,	0,	1024,	1024,	0,	0,	1024;
			0,	512,	512,	128,	0,	0,	0,	0,	0,	1024;
			0,	0,	0,	1024,	0,	0,	128,	1024,	1024,	0
u =  0, 0, 0, 1, 1, 1, 2, 2, 2, 2, 3, 3, 3, 3, 3, 4, 4, 5, 5, 5, 5, 6, 6, 6, 6, 6, 6, 7, 7, 7, 7, 7, 8, 8, 8, 8, 9, 9, 9, 9
v =  2, 3, 7, 2, 5, 8, 0, 1, 6, 8, 0, 6, 7, 8, 9, 5, 6, 1, 4, 6, 7, 2, 3, 4, 5, 7, 9, 0, 3, 5, 6, 9, 1, 2, 3, 9, 3, 6, 7, 8
e =  256, 256, 256, 1024, 512, 512, 256, 1024, 512, 512, 256, 256, 256, 128, 1024, 128, 128, 512, 128, 512, 1024, 512, 256, 128, 512, 1024, 128, 256, 256, 1024, 1024, 1024, 512, 512, 128, 1024, 1024, 128, 1024, 1024
x = 0,0,0,0,0,0,0,0,0,0
y = 0,0,0,0,0,0,0,0,0,0
