[general]
path = outputs/system/

[chiplets]
chiplet_count = 11
widths = 	17,	11,	17,	6,	8,	23,	16,	20,	24,	29,	28
heights = 	18,	12,	18,	6,	9,	25,	16,	23,	20,	29,	24
powers = 	164,	168,	168,	27,	174,	3,	51,	133,	141,	81,	144
target_reward = 0
connections = 0,	0,	0,	512,	0,	0,	128,	0,	0,	0,	0;
			0,	0,	0,	0,	0,	512,	0,	0,	0,	0,	0;
			0,	0,	0,	0,	0,	0,	1024,	0,	0,	128,	256;
			512,	0,	0,	0,	0,	128,	0,	0,	0,	0,	0;
			0,	0,	0,	0,	0,	512,	0,	0,	0,	0,	0;
			0,	512,	0,	128,	512,	0,	128,	1024,	256,	0,	256;
			128,	0,	1024,	0,	0,	128,	0,	1024,	0,	0,	128;
			0,	0,	0,	0,	0,	1024,	1024,	0,	256,	256,	0;
			0,	0,	0,	0,	0,	256,	0,	256,	0,	1024,	0;
			0,	0,	128,	0,	0,	0,	0,	256,	1024,	0,	256;
			0,	0,	256,	0,	0,	256,	128,	0,	0,	256,	0
u =  0, 0, 1, 2, 2, 2, 3, 3, 4, 5, 5, 5, 5, 5, 5, 5, 6, 6, 6, 6, 6, 7, 7, 7, 7, 8, 8, 8, 9, 9, 9, 9, 10, 10, 10, 10
v =  3, 6, 5, 6, 9, 10, 0, 5, 5, 1, 3, 4, 6, 7, 8, 10, 0, 2, 5, 7, 10, 5, 6, 8, 9, 5, 7, 9, 2, 7, 8, 10, 2, 5, 6, 9
e =  512, 128, 512, 1024, 128, 256, 512, 128, 512, 512, 128, 512, 128, 1024, 256, 256, 128, 1024, 128, 1024, 128, 1024, 1024, 256, 256, 256, 256, 1024, 128, 256, 1024, 256, 256, 256, 128, 256
x = 0,0,0,0,0,0,0,0,0,0,0
y = 0,0,0,0,0,0,0,0,0,0,0
