[general]
path = outputs/system/

[chiplets]
chiplet_count = 9
widths = 	19,	25,	26,	17,	29,	28,	15,	27,	20
heights = 	22,	20,	23,	21,	27,	25,	18,	27,	22
powers = 	136,	140,	61,	192,	199,	176,	178,	87,	14
target_reward = 0
connections = 0,	0,	0,	512,	0,	1024,	0,	512,	0;
			0,	0,	0,	0,	1024,	0,	128,	0,	1024;
			0,	0,	0,	256,	0,	0,	0,	1024,	0;
			512,	0,	256,	0,	0,	0,	1024,	512,	128;
			0,	1024,	0,	0,	0,	0,	0,	128,	128;
			1024,	0,	0,	0,	0,	0,	0,	256,	0;
			0,	128,	0,	1024,	0,	0,	0,	0,	0;
			512,	0,	1024,	512,	128,	256,	0,	0,	256;
			0,	1024,	0,	128,	128,	0,	0,	256,	0
u =  0, 0, 0, 1, 1, 1, 2, 2, 3, 3, 3, 3, 3, 4, 4, 4, 5, 5, 6, 6, 7, 7, 7, 7, 7, 7, 8, 8, 8, 8
v =  3, 5, 7, 4, 6, 8, 3, 7, 0, 2, 6, 7, 8, 1, 7, 8, 0, 7, 1, 3, 0, 2, 3, 4, 5, 8, 1, 3, 4, 7
e =  512, 1024, 512, 1024, 128, 1024, 256, 1024, 512, 256, 1024, 512, 128, 1024, 128, 128, 1024, 256, 128, 1024, 512, 1024, 512, 128, 256, 256, 1024, 128, 128, 256
x = 0,0,0,0,0,0,0,0,0
y = 0,0,0,0,0,0,0,0,0
