[general]
path = outputs/system/

[chiplets]
chiplet_count = 9
widths = 	18,	16,	21,	24,	26,	22,	12,	10,	27
heights = 	19,	18,	18,	29,	26,	21,	13,	10,	23
powers = 	9,	45,	184,	170,	6,	161,	89,	91,	176
target_reward = 0
connections = 0,	256,	512,	0,	0,	0,	512,	512,	256;
			256,	0,	256,	128,	0,	0,	0,	512,	0;
			512,	256,	0,	1024,	0,	256,	0,	0,	0;
			0,	128,	1024,	0,	256,	0,	0,	1024,	128;
			0,	0,	0,	256,	0,	0,	0,	0,	0;
			0,	0,	256,	0,	0,	0,	1024,	0,	512;
			512,	0,	0,	0,	0,	1024,	0,	0,	128;
			512,	512,	0,	1024,	0,	0,	0,	0,	0;
			256,	0,	0,	128,	0,	512,	128,	0,	0
u =  0, 0, 0, 0, 0, 1, 1, 1, 1, 2, 2, 2, 2, 3, 3, 3, 3, 3, 4, 5, 5, 5, 6, 6, 6, 7, 7, 7, 8, 8, 8, 8
v =  1, 2, 6, 7, 8, 0, 2, 3, 7, 0, 1, 3, 5, 1, 2, 4, 7, 8, 3, 2, 6, 8, 0, 5, 8, 0, 1, 3, 0, 3, 5, 6
e =  256, 512, 512, 512, 256, 256, 256, 128, 512, 512, 256, 1024, 256, 128, 1024, 256, 1024, 128, 256, 256, 1024, 512, 512, 1024, 128, 512, 512, 1024, 256, 128, 512, 128
x = 0,0,0,0,0,0,0,0,0
y = 0,0,0,0,0,0,0,0,0
