[general]
path = outputs/system/

[chiplets]
chiplet_count = 9
widths = 	24,	18,	14,	5,	25,	30,	7,	22,	15
heights = 	30,	20,	15,	4,	28,	24,	8,	24,	15
powers = 	126,	150,	42,	135,	124,	171,	11,	191,	119
target_reward = 0
connections = 0,	0,	0,	512,	0,	0,	0,	0,	0;
			0,	0,	128,	0,	0,	0,	0,	0,	0;
			0,	128,	0,	256,	128,	0,	256,	128,	0;
			512,	0,	256,	0,	128,	0,	512,	0,	0;
			0,	0,	128,	128,	0,	256,	0,	128,	0;
			0,	0,	0,	0,	256,	0,	0,	0,	0;
			0,	0,	256,	512,	0,	0,	0,	1024,	1024;
			0,	0,	128,	0,	128,	0,	1024,	0,	512;
			0,	0,	0,	0,	0,	0,	1024,	512,	0
u =  0, 1, 2, 2, 2, 2, 2, 3, 3, 3, 3, 4, 4, 4, 4, 5, 6, 6, 6, 6, 7, 7, 7, 7, 8, 8
v =  3, 2, 1, 3, 4, 6, 7, 0, 2, 4, 6, 2, 3, 5, 7, 4, 2, 3, 7, 8, 2, 4, 6, 8, 6, 7
e =  512, 128, 128, 256, 128, 256, 128, 512, 256, 128, 512, 128, 128, 256, 128, 256, 256, 512, 1024, 1024, 128, 128, 1024, 512, 1024, 512
x = 0,0,0,0,0,0,0,0,0
y = 0,0,0,0,0,0,0,0,0
