[general]
path = outputs/system/

[chiplets]
chiplet_count = 7
widths = 	20,	20,	9,	19,	7,	29,	23
heights = 	24,	20,	11,	18,	6,	29,	25
powers = 	167,	84,	143,	113,	189,	30,	112
target_reward = 0
connections = 0,	512,	128,	128,	512,	1024,	0;
			512,	0,	512,	256,	0,	1024,	0;
			128,	512,	0,	512,	1024,	0,	256;
			128,	256,	512,	0,	0,	0,	512;
			512,	0,	1024,	0,	0,	0,	0;
			1024,	1024,	0,	0,	0,	0,	0;
			0,	0,	256,	512,	0,	0,	0
u =  0, 0, 0, 0, 0, 1, 1, 1, 1, 2, 2, 2, 2, 2, 3, 3, 3, 3, 4, 4, 5, 5, 6, 6
v =  1, 2, 3, 4, 5, 0, 2, 3, 5, 0, 1, 3, 4, 6, 0, 1, 2, 6, 0, 2, 0, 1, 2, 3
e =  512, 128, 128, 512, 1024, 512, 512, 256, 1024, 128, 512, 512, 1024, 256, 128, 256, 512, 512, 512, 1024, 1024, 1024, 256, 512
x = 0,0,0,0,0,0,0
y = 0,0,0,0,0,0,0
