[general]
path = outputs/system/

[chiplets]
chiplet_count = 10
widths = 	23,	15,	19,	14,	13,	8,	19,	24,	23,	14
heights = 	23,	18,	20,	16,	15,	7,	21,	23,	21,	16
powers = 	102,	68,	197,	116,	33,	147,	119,	62,	20,	85
target_reward = 0
connections = 0,	512,	0,	1024,	0,	256,	0,	0,	0,	0;
			512,	0,	0,	0,	0,	512,	0,	512,	1024,	0;
			0,	0,	0,	0,	0,	0,	512,	0,	0,	128;
			1024,	0,	0,	0,	0,	0,	0,	0,	512,	1024;
			0,	0,	0,	0,	0,	512,	128,	256,	0,	0;
			256,	512,	0,	0,	512,	0,	0,	128,	0,	512;
			0,	0,	512,	0,	128,	0,	0,	1024,	1024,	0;
			0,	512,	0,	0,	256,	128,	1024,	0,	256,	128;
			0,	1024,	0,	512,	0,	0,	1024,	256,	0,	1024;
			0,	0,	128,	1024,	0,	512,	0,	128,	1024,	0
u =  0, 0, 0, 1, 1, 1, 1, 2, 2, 3, 3, 3, 4, 4, 4, 5, 5, 5, 5, 5, 6, 6, 6, 6, 7, 7, 7, 7, 7, 7, 8, 8, 8, 8, 8, 9, 9, 9, 9, 9
v =  1, 3, 5, 0, 5, 7, 8, 6, 9, 0, 8, 9, 5, 6, 7, 0, 1, 4, 7, 9, 2, 4, 7, 8, 1, 4, 5, 6, 8, 9, 1, 3, 6, 7, 9, 2, 3, 5, 7, 8
e =  512, 1024, 256, 512, 512, 512, 1024, 512, 128, 1024, 512, 1024, 512, 128, 256, 256, 512, 512, 128, 512, 512, 128, 1024, 1024, 512, 256, 128, 1024, 256, 128, 1024, 512, 1024, 256, 1024, 128, 1024, 512, 128, 1024
x = 0,0,0,0,0,0,0,0,0,0
y = 0,0,0,0,0,0,0,0,0,0
