[general]
path = outputs/system/

[chiplets]
chiplet_count = 8
widths = 	25,	13,	16,	27,	24,	19,	17,	26
heights = 	27,	16,	15,	30,	22,	22,	14,	26
powers = 	140,	1,	199,	168,	170,	120,	50,	109
target_reward = 0
connections = 0,	128,	512,	128,	0,	128,	0,	512;
			128,	0,	256,	256,	0,	0,	0,	0;
			512,	256,	0,	128,	256,	0,	0,	128;
			128,	256,	128,	0,	0,	128,	1024,	0;
			0,	0,	256,	0,	0,	0,	128,	0;
			128,	0,	0,	128,	0,	0,	1024,	512;
			0,	0,	0,	1024,	128,	1024,	0,	0;
			512,	0,	128,	0,	0,	512,	0,	0
u =  0, 0, 0, 0, 0, 1, 1, 1, 2, 2, 2, 2, 2, 3, 3, 3, 3, 3, 4, 4, 5, 5, 5, 5, 6, 6, 6, 7, 7, 7
v =  1, 2, 3, 5, 7, 0, 2, 3, 0, 1, 3, 4, 7, 0, 1, 2, 5, 6, 2, 6, 0, 3, 6, 7, 3, 4, 5, 0, 2, 5
e =  128, 512, 128, 128, 512, 128, 256, 256, 512, 256, 128, 256, 128, 128, 256, 128, 128, 1024, 256, 128, 128, 128, 1024, 512, 1024, 128, 1024, 512, 128, 512
x = 0,0,0,0,0,0,0,0
y = 0,0,0,0,0,0,0,0
