[general]
path = outputs/system/

[chiplets]
chiplet_count = 10
widths = 	20,	26,	18,	18,	8,	20,	13,	13,	19,	9
heights = 	17,	25,	22,	22,	9,	16,	15,	16,	18,	8
powers = 	160,	81,	75,	109,	113,	97,	6,	180,	61,	179
target_reward = 0
connections = 0,	1024,	256,	0,	0,	0,	0,	0,	0,	0;
			1024,	0,	1024,	256,	0,	1024,	512,	0,	0,	0;
			256,	1024,	0,	1024,	0,	0,	0,	0,	0,	0;
			0,	256,	1024,	0,	0,	0,	0,	0,	1024,	512;
			0,	0,	0,	0,	0,	0,	0,	512,	0,	0;
			0,	1024,	0,	0,	0,	0,	0,	256,	0,	0;
			0,	512,	0,	0,	0,	0,	0,	512,	0,	128;
			0,	0,	0,	0,	512,	256,	512,	0,	0,	512;
			0,	0,	0,	1024,	0,	0,	0,	0,	0,	512;
			0,	0,	0,	512,	0,	0,	128,	512,	512,	0
u =  0, 0, 1, 1, 1, 1, 1, 2, 2, 2, 3, 3, 3, 3, 4, 5, 5, 6, 6, 6, 7, 7, 7, 7, 8, 8, 9, 9, 9, 9
v =  1, 2, 0, 2, 3, 5, 6, 0, 1, 3, 1, 2, 8, 9, 7, 1, 7, 1, 7, 9, 4, 5, 6, 9, 3, 9, 3, 6, 7, 8
e =  1024, 256, 1024, 1024, 256, 1024, 512, 256, 1024, 1024, 256, 1024, 1024, 512, 512, 1024, 256, 512, 512, 128, 512, 256, 512, 512, 1024, 512, 512, 128, 512, 512
x = 0,0,0,0,0,0,0,0,0,0
y = 0,0,0,0,0,0,0,0,0,0
