[general]
path = outputs/system/

[chiplets]
chiplet_count = 8
widths = 	23,	15,	14,	28,	26,	22,	19,	29
heights = 	21,	18,	16,	30,	24,	24,	20,	24
powers = 	109,	66,	45,	2,	11,	136,	184,	100
target_reward = 0
connections = 0,	512,	256,	512,	0,	0,	128,	0;
			512,	0,	512,	0,	512,	0,	0,	0;
			256,	512,	0,	512,	1024,	1024,	1024,	0;
			512,	0,	512,	0,	512,	512,	0,	128;
			0,	512,	1024,	512,	0,	0,	0,	256;
			0,	0,	1024,	512,	0,	0,	128,	0;
			128,	0,	1024,	0,	0,	128,	0,	128;
			0,	0,	0,	128,	256,	0,	128,	0
u =  0, 0, 0, 0, 1, 1, 1, 2, 2, 2, 2, 2, 2, 3, 3, 3, 3, 3, 4, 4, 4, 4, 5, 5, 5, 6, 6, 6, 6, 7, 7, 7
v =  1, 2, 3, 6, 0, 2, 4, 0, 1, 3, 4, 5, 6, 0, 2, 4, 5, 7, 1, 2, 3, 7, 2, 3, 6, 0, 2, 5, 7, 3, 4, 6
e =  512, 256, 512, 128, 512, 512, 512, 256, 512, 512, 1024, 1024, 1024, 512, 512, 512, 512, 128, 512, 1024, 512, 256, 1024, 512, 128, 128, 1024, 128, 128, 128, 256, 128
x = 0,0,0,0,0,0,0,0
y = 0,0,0,0,0,0,0,0
