[general]
path = outputs/system/

[chiplets]
chiplet_count = 9
widths = 	6,	22,	27,	30,	11,	26,	19,	22,	17
heights = 	6,	27,	24,	27,	11,	21,	21,	23,	14
powers = 	4,	102,	56,	20,	107,	155,	29,	140,	58
target_reward = 0
connections = 0,	256,	128,	0,	0,	0,	1024,	0,	0;
			256,	0,	128,	0,	0,	1024,	256,	512,	0;
			128,	128,	0,	0,	0,	256,	0,	0,	1024;
			0,	0,	0,	0,	1024,	0,	256,	0,	0;
			0,	0,	0,	1024,	0,	256,	0,	0,	0;
			0,	1024,	256,	0,	256,	0,	1024,	128,	0;
			1024,	256,	0,	256,	0,	1024,	0,	256,	0;
			0,	512,	0,	0,	0,	128,	256,	0,	1024;
			0,	0,	1024,	0,	0,	0,	0,	1024,	0
u =  0, 0, 0, 1, 1, 1, 1, 1, 2, 2, 2, 2, 3, 3, 4, 4, 5, 5, 5, 5, 5, 6, 6, 6, 6, 6, 7, 7, 7, 7, 8, 8
v =  1, 2, 6, 0, 2, 5, 6, 7, 0, 1, 5, 8, 4, 6, 3, 5, 1, 2, 4, 6, 7, 0, 1, 3, 5, 7, 1, 5, 6, 8, 2, 7
e =  256, 128, 1024, 256, 128, 1024, 256, 512, 128, 128, 256, 1024, 1024, 256, 1024, 256, 1024, 256, 256, 1024, 128, 1024, 256, 256, 1024, 256, 512, 128, 256, 1024, 1024, 1024
x = 0,0,0,0,0,0,0,0,0
y = 0,0,0,0,0,0,0,0,0
