[general]
path = outputs/system/

[chiplets]
chiplet_count = 9
widths = 	26,	24,	20,	12,	18,	13,	29,	6,	6
heights = 	26,	30,	24,	12,	17,	16,	29,	7,	5
powers = 	151,	196,	197,	76,	191,	4,	114,	20,	156
target_reward = 0
connections = 0,	256,	128,	0,	0,	0,	0,	0,	0;
			256,	0,	128,	0,	0,	0,	0,	256,	256;
			128,	128,	0,	0,	0,	1024,	0,	1024,	0;
			0,	0,	0,	0,	512,	512,	128,	512,	1024;
			0,	0,	0,	512,	0,	256,	0,	0,	0;
			0,	0,	1024,	512,	256,	0,	0,	0,	0;
			0,	0,	0,	128,	0,	0,	0,	0,	128;
			0,	256,	1024,	512,	0,	0,	0,	0,	256;
			0,	256,	0,	1024,	0,	0,	128,	256,	0
u =  0, 0, 1, 1, 1, 1, 2, 2, 2, 2, 3, 3, 3, 3, 3, 4, 4, 5, 5, 5, 6, 6, 7, 7, 7, 7, 8, 8, 8, 8
v =  1, 2, 0, 2, 7, 8, 0, 1, 5, 7, 4, 5, 6, 7, 8, 3, 5, 2, 3, 4, 3, 8, 1, 2, 3, 8, 1, 3, 6, 7
e =  256, 128, 256, 128, 256, 256, 128, 128, 1024, 1024, 512, 512, 128, 512, 1024, 512, 256, 1024, 512, 256, 128, 128, 256, 1024, 512, 256, 256, 1024, 128, 256
x = 0,0,0,0,0,0,0,0,0
y = 0,0,0,0,0,0,0,0,0
