[general]
path = outputs/system/

[chiplets]
chiplet_count = 9
widths = 	26,	10,	19,	17,	27,	20,	30,	24,	22
heights = 	29,	10,	23,	16,	27,	20,	29,	24,	20
powers = 	20,	16,	34,	108,	141,	187,	173,	80,	24
target_reward = 0
connections = 0,	0,	0,	0,	1024,	256,	128,	1024,	0;
			0,	0,	128,	1024,	1024,	0,	0,	0,	1024;
			0,	128,	0,	256,	512,	512,	0,	0,	0;
			0,	1024,	256,	0,	512,	0,	0,	0,	128;
			1024,	1024,	512,	512,	0,	0,	512,	0,	0;
			256,	0,	512,	0,	0,	0,	256,	128,	0;
			128,	0,	0,	0,	512,	256,	0,	0,	0;
			1024,	0,	0,	0,	0,	128,	0,	0,	0;
			0,	1024,	0,	128,	0,	0,	0,	0,	0
u =  0, 0, 0, 0, 1, 1, 1, 1, 2, 2, 2, 2, 3, 3, 3, 3, 4, 4, 4, 4, 4, 5, 5, 5, 5, 6, 6, 6, 7, 7, 8, 8
v =  4, 5, 6, 7, 2, 3, 4, 8, 1, 3, 4, 5, 1, 2, 4, 8, 0, 1, 2, 3, 6, 0, 2, 6, 7, 0, 4, 5, 0, 5, 1, 3
e =  1024, 256, 128, 1024, 128, 1024, 1024, 1024, 128, 256, 512, 512, 1024, 256, 512, 128, 1024, 1024, 512, 512, 512, 256, 512, 256, 128, 128, 512, 256, 1024, 128, 1024, 128
x = 0,0,0,0,0,0,0,0,0
y = 0,0,0,0,0,0,0,0,0
