[general]
path = outputs/system/

[chiplets]
chiplet_count = 8
widths = 	23,	24,	25,	28,	23,	14,	22,	29
heights = 	24,	25,	23,	25,	21,	13,	26,	26
powers = 	121,	109,	161,	147,	45,	84,	57,	80
target_reward = 0
connections = 0,	128,	0,	512,	0,	0,	0,	0;
			128,	0,	0,	0,	0,	256,	0,	1024;
			0,	0,	0,	0,	1024,	0,	0,	128;
			512,	0,	0,	0,	128,	512,	0,	0;
			0,	0,	1024,	128,	0,	256,	512,	0;
			0,	256,	0,	512,	256,	0,	128,	1024;
			0,	0,	0,	0,	512,	128,	0,	0;
			0,	1024,	128,	0,	0,	1024,	0,	0
u =  0, 0, 1, 1, 1, 2, 2, 3, 3, 3, 4, 4, 4, 4, 5, 5, 5, 5, 5, 6, 6, 7, 7, 7
v =  1, 3, 0, 5, 7, 4, 7, 0, 4, 5, 2, 3, 5, 6, 1, 3, 4, 6, 7, 4, 5, 1, 2, 5
e =  128, 512, 128, 256, 1024, 1024, 128, 512, 128, 512, 1024, 128, 256, 512, 256, 512, 256, 128, 1024, 512, 128, 1024, 128, 1024
x = 0,0,0,0,0,0,0,0
y = 0,0,0,0,0,0,0,0
