[general]
path = outputs/system/

[chiplets]
chiplet_count = 8
widths = 	15,	23,	11,	29,	29,	22,	26,	19
heights = 	14,	26,	13,	27,	30,	23,	22,	19
powers = 	49,	139,	12,	61,	8,	145,	144,	80
target_reward = 0
connections = 0,	256,	0,	512,	128,	0,	256,	256;
			256,	0,	0,	0,	0,	0,	128,	0;
			0,	0,	0,	1024,	0,	0,	256,	0;
			512,	0,	1024,	0,	512,	512,	0,	0;
			128,	0,	0,	512,	0,	1024,	512,	0;
			0,	0,	0,	512,	1024,	0,	128,	256;
			256,	128,	256,	0,	512,	128,	0,	256;
			256,	0,	0,	0,	0,	256,	256,	0
u =  0, 0, 0, 0, 0, 1, 1, 2, 2, 3, 3, 3, 3, 4, 4, 4, 4, 5, 5, 5, 5, 6, 6, 6, 6, 6, 6, 7, 7, 7
v =  1, 3, 4, 6, 7, 0, 6, 3, 6, 0, 2, 4, 5, 0, 3, 5, 6, 3, 4, 6, 7, 0, 1, 2, 4, 5, 7, 0, 5, 6
e =  256, 512, 128, 256, 256, 256, 128, 1024, 256, 512, 1024, 512, 512, 128, 512, 1024, 512, 512, 1024, 128, 256, 256, 128, 256, 512, 128, 256, 256, 256, 256
x = 0,0,0,0,0,0,0,0
y = 0,0,0,0,0,0,0,0
