[general]
path = outputs/system/

[chiplets]
chiplet_count = 9
widths = 	18,	12,	25,	9,	25,	9,	25,	21,	13
heights = 	17,	14,	23,	9,	30,	10,	25,	23,	12
powers = 	104,	143,	39,	157,	175,	184,	15,	18,	108
target_reward = 0
connections = 0,	256,	128,	512,	1024,	0,	1024,	0,	1024;
			256,	0,	1024,	1024,	0,	256,	256,	256,	0;
			128,	1024,	0,	0,	0,	0,	0,	0,	0;
			512,	1024,	0,	0,	0,	256,	0,	256,	0;
			1024,	0,	0,	0,	0,	512,	0,	0,	256;
			0,	256,	0,	256,	512,	0,	0,	512,	512;
			1024,	256,	0,	0,	0,	0,	0,	1024,	1024;
			0,	256,	0,	256,	0,	512,	1024,	0,	512;
			1024,	0,	0,	0,	256,	512,	1024,	512,	0
u =  0, 0, 0, 0, 0, 0, 1, 1, 1, 1, 1, 1, 2, 2, 3, 3, 3, 3, 4, 4, 4, 5, 5, 5, 5, 5, 6, 6, 6, 6, 7, 7, 7, 7, 7, 8, 8, 8, 8, 8
v =  1, 2, 3, 4, 6, 8, 0, 2, 3, 5, 6, 7, 0, 1, 0, 1, 5, 7, 0, 5, 8, 1, 3, 4, 7, 8, 0, 1, 7, 8, 1, 3, 5, 6, 8, 0, 4, 5, 6, 7
e =  256, 128, 512, 1024, 1024, 1024, 256, 1024, 1024, 256, 256, 256, 128, 1024, 512, 1024, 256, 256, 1024, 512, 256, 256, 256, 512, 512, 512, 1024, 256, 1024, 1024, 256, 256, 512, 1024, 512, 1024, 256, 512, 1024, 512
x = 0,0,0,0,0,0,0,0,0
y = 0,0,0,0,0,0,0,0,0
