[general]
path = outputs/system/

[chiplets]
chiplet_count = 6
widths = 	23,	9,	7,	23,	28,	25
heights = 	27,	10,	6,	25,	27,	29
powers = 	100,	6,	25,	100,	172,	193
target_reward = 0
connections = 0,	128,	256,	256,	1024,	1024;
			128,	0,	256,	0,	1024,	1024;
			256,	256,	0,	128,	256,	0;
			256,	0,	128,	0,	128,	0;
			1024,	1024,	256,	128,	0,	256;
			1024,	1024,	0,	0,	256,	0
u =  0, 0, 0, 0, 0, 1, 1, 1, 1, 2, 2, 2, 2, 3, 3, 3, 4, 4, 4, 4, 4, 5, 5, 5
v =  1, 2, 3, 4, 5, 0, 2, 4, 5, 0, 1, 3, 4, 0, 2, 4, 0, 1, 2, 3, 5, 0, 1, 4
e =  128, 256, 256, 1024, 1024, 128, 256, 1024, 1024, 256, 256, 128, 256, 256, 128, 128, 1024, 1024, 256, 128, 256, 1024, 1024, 256
x = 0,0,0,0,0,0
y = 0,0,0,0,0,0
