[general]
path = outputs/system/

[chiplets]
chiplet_count = 11
widths = 	5,	27,	11,	12,	20,	13,	11,	9,	15,	7,	11
heights = 	4,	24,	13,	14,	22,	13,	12,	9,	14,	7,	13
powers = 	71,	199,	7,	4,	136,	13,	116,	58,	75,	27,	189
target_reward = 0
connections = 0,	0,	0,	512,	512,	0,	0,	0,	0,	0,	0;
			0,	0,	0,	1024,	0,	256,	0,	0,	0,	0,	0;
			0,	0,	0,	0,	256,	128,	0,	128,	0,	0,	0;
			512,	1024,	0,	0,	0,	0,	0,	0,	1024,	0,	0;
			512,	0,	256,	0,	0,	256,	128,	0,	0,	512,	128;
			0,	256,	128,	0,	256,	0,	256,	256,	0,	0,	0;
			0,	0,	0,	0,	128,	256,	0,	1024,	1024,	0,	512;
			0,	0,	128,	0,	0,	256,	1024,	0,	0,	1024,	256;
			0,	0,	0,	1024,	0,	0,	1024,	0,	0,	0,	0;
			0,	0,	0,	0,	512,	0,	0,	1024,	0,	0,	1024;
			0,	0,	0,	0,	128,	0,	512,	256,	0,	1024,	0
u =  0, 0, 1, 1, 2, 2, 2, 3, 3, 3, 4, 4, 4, 4, 4, 4, 5, 5, 5, 5, 5, 6, 6, 6, 6, 6, 7, 7, 7, 7, 7, 8, 8, 9, 9, 9, 10, 10, 10, 10
v =  3, 4, 3, 5, 4, 5, 7, 0, 1, 8, 0, 2, 5, 6, 9, 10, 1, 2, 4, 6, 7, 4, 5, 7, 8, 10, 2, 5, 6, 9, 10, 3, 6, 4, 7, 10, 4, 6, 7, 9
e =  512, 512, 1024, 256, 256, 128, 128, 512, 1024, 1024, 512, 256, 256, 128, 512, 128, 256, 128, 256, 256, 256, 128, 256, 1024, 1024, 512, 128, 256, 1024, 1024, 256, 1024, 1024, 512, 1024, 1024, 128, 512, 256, 1024
x = 0,0,0,0,0,0,0,0,0,0,0
y = 0,0,0,0,0,0,0,0,0,0,0
