[general]
path = outputs/system/

[chiplets]
chiplet_count = 11
widths = 	19,	21,	17,	22,	9,	17,	25,	30,	25,	12,	22
heights = 	22,	21,	18,	24,	8,	19,	26,	25,	26,	14,	20
powers = 	45,	45,	200,	199,	58,	17,	73,	41,	118,	199,	62
target_reward = 0
connections = 0,	0,	1024,	512,	0,	0,	0,	0,	0,	0,	512;
			0,	0,	512,	0,	128,	0,	0,	0,	0,	0,	0;
			1024,	512,	0,	128,	1024,	0,	0,	0,	0,	512,	0;
			512,	0,	128,	0,	512,	0,	0,	0,	0,	0,	128;
			0,	128,	1024,	512,	0,	512,	256,	0,	512,	1024,	0;
			0,	0,	0,	0,	512,	0,	512,	0,	0,	0,	0;
			0,	0,	0,	0,	256,	512,	0,	1024,	0,	0,	0;
			0,	0,	0,	0,	0,	0,	1024,	0,	128,	0,	0;
			0,	0,	0,	0,	512,	0,	0,	128,	0,	0,	0;
			0,	0,	512,	0,	1024,	0,	0,	0,	0,	0,	0;
			512,	0,	0,	128,	0,	0,	0,	0,	0,	0,	0
u =  0, 0, 0, 1, 1, 2, 2, 2, 2, 2, 3, 3, 3, 3, 4, 4, 4, 4, 4, 4, 4, 5, 5, 6, 6, 6, 7, 7, 8, 8, 9, 9, 10, 10
v =  2, 3, 10, 2, 4, 0, 1, 3, 4, 9, 0, 2, 4, 10, 1, 2, 3, 5, 6, 8, 9, 4, 6, 4, 5, 7, 6, 8, 4, 7, 2, 4, 0, 3
e =  1024, 512, 512, 512, 128, 1024, 512, 128, 1024, 512, 512, 128, 512, 128, 128, 1024, 512, 512, 256, 512, 1024, 512, 512, 256, 512, 1024, 1024, 128, 512, 128, 512, 1024, 512, 128
x = 0,0,0,0,0,0,0,0,0,0,0
y = 0,0,0,0,0,0,0,0,0,0,0
