[general]
path = outputs/system/

[chiplets]
chiplet_count = 9
widths = 	23,	11,	23,	28,	25,	15,	30,	16,	21
heights = 	25,	11,	19,	29,	29,	14,	29,	19,	26
powers = 	126,	150,	186,	111,	133,	103,	8,	39,	96
target_reward = 0
connections = 0,	0,	0,	0,	0,	256,	0,	0,	128;
			0,	0,	0,	0,	256,	0,	1024,	128,	0;
			0,	0,	0,	128,	1024,	0,	1024,	256,	1024;
			0,	0,	128,	0,	128,	1024,	0,	256,	128;
			0,	256,	1024,	128,	0,	512,	0,	512,	512;
			256,	0,	0,	1024,	512,	0,	0,	0,	0;
			0,	1024,	1024,	0,	0,	0,	0,	512,	0;
			0,	128,	256,	256,	512,	0,	512,	0,	128;
			128,	0,	1024,	128,	512,	0,	0,	128,	0
u =  0, 0, 1, 1, 1, 2, 2, 2, 2, 2, 3, 3, 3, 3, 3, 4, 4, 4, 4, 4, 4, 5, 5, 5, 6, 6, 6, 7, 7, 7, 7, 7, 7, 8, 8, 8, 8, 8
v =  5, 8, 4, 6, 7, 3, 4, 6, 7, 8, 2, 4, 5, 7, 8, 1, 2, 3, 5, 7, 8, 0, 3, 4, 1, 2, 7, 1, 2, 3, 4, 6, 8, 0, 2, 3, 4, 7
e =  256, 128, 256, 1024, 128, 128, 1024, 1024, 256, 1024, 128, 128, 1024, 256, 128, 256, 1024, 128, 512, 512, 512, 256, 1024, 512, 1024, 1024, 512, 128, 256, 256, 512, 512, 128, 128, 1024, 128, 512, 128
x = 0,0,0,0,0,0,0,0,0
y = 0,0,0,0,0,0,0,0,0
