[general]
path = outputs/system/

[chiplets]
chiplet_count = 9
widths = 	25,	18,	17,	23,	22,	10,	18,	14,	28
heights = 	21,	18,	21,	22,	23,	11,	19,	14,	27
powers = 	119,	85,	54,	93,	24,	26,	100,	124,	31
target_reward = 0
connections = 0,	512,	128,	128,	0,	256,	1024,	256,	256;
			512,	0,	0,	0,	1024,	0,	1024,	512,	0;
			128,	0,	0,	0,	0,	0,	512,	512,	0;
			128,	0,	0,	0,	0,	0,	0,	1024,	512;
			0,	1024,	0,	0,	0,	0,	0,	0,	128;
			256,	0,	0,	0,	0,	0,	128,	256,	0;
			1024,	1024,	512,	0,	0,	128,	0,	512,	256;
			256,	512,	512,	1024,	0,	256,	512,	0,	256;
			256,	0,	0,	512,	128,	0,	256,	256,	0
u =  0, 0, 0, 0, 0, 0, 0, 1, 1, 1, 1, 2, 2, 2, 3, 3, 3, 4, 4, 5, 5, 5, 6, 6, 6, 6, 6, 6, 7, 7, 7, 7, 7, 7, 7, 8, 8, 8, 8, 8
v =  1, 2, 3, 5, 6, 7, 8, 0, 4, 6, 7, 0, 6, 7, 0, 7, 8, 1, 8, 0, 6, 7, 0, 1, 2, 5, 7, 8, 0, 1, 2, 3, 5, 6, 8, 0, 3, 4, 6, 7
e =  512, 128, 128, 256, 1024, 256, 256, 512, 1024, 1024, 512, 128, 512, 512, 128, 1024, 512, 1024, 128, 256, 128, 256, 1024, 1024, 512, 128, 512, 256, 256, 512, 512, 1024, 256, 512, 256, 256, 512, 128, 256, 256
x = 0,0,0,0,0,0,0,0,0
y = 0,0,0,0,0,0,0,0,0
