[general]
path = outputs/system/

[chiplets]
chiplet_count = 8
widths = 	17,	8,	28,	10,	30,	19,	24,	12
heights = 	15,	7,	24,	11,	26,	19,	25,	13
powers = 	125,	92,	64,	194,	21,	140,	52,	10
target_reward = 0
connections = 0,	256,	256,	0,	1024,	256,	0,	128;
			256,	0,	1024,	0,	0,	0,	0,	0;
			256,	1024,	0,	256,	128,	0,	0,	256;
			0,	0,	256,	0,	1024,	0,	0,	0;
			1024,	0,	128,	1024,	0,	1024,	0,	128;
			256,	0,	0,	0,	1024,	0,	0,	0;
			0,	0,	0,	0,	0,	0,	0,	512;
			128,	0,	256,	0,	128,	0,	512,	0
u =  0, 0, 0, 0, 0, 1, 1, 2, 2, 2, 2, 2, 3, 3, 4, 4, 4, 4, 4, 5, 5, 6, 7, 7, 7, 7
v =  1, 2, 4, 5, 7, 0, 2, 0, 1, 3, 4, 7, 2, 4, 0, 2, 3, 5, 7, 0, 4, 7, 0, 2, 4, 6
e =  256, 256, 1024, 256, 128, 256, 1024, 256, 1024, 256, 128, 256, 256, 1024, 1024, 128, 1024, 1024, 128, 256, 1024, 512, 128, 256, 128, 512
x = 0,0,0,0,0,0,0,0
y = 0,0,0,0,0,0,0,0
