[general]
path = outputs/system/

[chiplets]
chiplet_count = 11
widths = 	20,	4,	5,	22,	22,	26,	17,	11,	26,	20,	12
heights = 	24,	4,	4,	25,	27,	24,	16,	11,	25,	19,	14
powers = 	163,	96,	5,	14,	14,	165,	74,	187,	116,	196,	156
target_reward = 0
connections = 0,	0,	512,	512,	0,	512,	0,	0,	1024,	0,	256;
			0,	0,	0,	0,	0,	0,	0,	0,	0,	128,	0;
			512,	0,	0,	0,	0,	0,	0,	0,	128,	0,	0;
			512,	0,	0,	0,	128,	0,	0,	1024,	0,	512,	0;
			0,	0,	0,	128,	0,	0,	0,	0,	0,	128,	128;
			512,	0,	0,	0,	0,	0,	1024,	0,	128,	0,	256;
			0,	0,	0,	0,	0,	1024,	0,	0,	128,	256,	1024;
			0,	0,	0,	1024,	0,	0,	0,	0,	0,	0,	1024;
			1024,	0,	128,	0,	0,	128,	128,	0,	0,	0,	0;
			0,	128,	0,	512,	128,	0,	256,	0,	0,	0,	0;
			256,	0,	0,	0,	128,	256,	1024,	1024,	0,	0,	0
u =  0, 0, 0, 0, 0, 1, 2, 2, 3, 3, 3, 3, 4, 4, 4, 5, 5, 5, 5, 6, 6, 6, 6, 7, 7, 8, 8, 8, 8, 9, 9, 9, 9, 10, 10, 10, 10, 10
v =  2, 3, 5, 8, 10, 9, 0, 8, 0, 4, 7, 9, 3, 9, 10, 0, 6, 8, 10, 5, 8, 9, 10, 3, 10, 0, 2, 5, 6, 1, 3, 4, 6, 0, 4, 5, 6, 7
e =  512, 512, 512, 1024, 256, 128, 512, 128, 512, 128, 1024, 512, 128, 128, 128, 512, 1024, 128, 256, 1024, 128, 256, 1024, 1024, 1024, 1024, 128, 128, 128, 128, 512, 128, 256, 256, 128, 256, 1024, 1024
x = 0,0,0,0,0,0,0,0,0,0,0
y = 0,0,0,0,0,0,0,0,0,0,0
