[general]
path = outputs/system/

[chiplets]
chiplet_count = 8
widths = 	16,	21,	23,	21,	16,	18,	5,	14
heights = 	18,	25,	23,	18,	16,	20,	5,	14
powers = 	135,	162,	141,	199,	44,	1,	28,	87
target_reward = 0
connections = 0,	128,	0,	0,	0,	0,	256,	1024;
			128,	0,	256,	0,	128,	512,	1024,	0;
			0,	256,	0,	128,	256,	0,	512,	0;
			0,	0,	128,	0,	128,	512,	0,	0;
			0,	128,	256,	128,	0,	256,	0,	512;
			0,	512,	0,	512,	256,	0,	0,	128;
			256,	1024,	512,	0,	0,	0,	0,	0;
			1024,	0,	0,	0,	512,	128,	0,	0
u =  0, 0, 0, 1, 1, 1, 1, 1, 2, 2, 2, 2, 3, 3, 3, 4, 4, 4, 4, 4, 5, 5, 5, 5, 6, 6, 6, 7, 7, 7
v =  1, 6, 7, 0, 2, 4, 5, 6, 1, 3, 4, 6, 2, 4, 5, 1, 2, 3, 5, 7, 1, 3, 4, 7, 0, 1, 2, 0, 4, 5
e =  128, 256, 1024, 128, 256, 128, 512, 1024, 256, 128, 256, 512, 128, 128, 512, 128, 256, 128, 256, 512, 512, 512, 256, 128, 256, 1024, 512, 1024, 512, 128
x = 0,0,0,0,0,0,0,0
y = 0,0,0,0,0,0,0,0
