[general]
path = outputs/system/

[chiplets]
chiplet_count = 9
widths = 	18,	29,	14,	13,	5,	22,	23,	24,	24
heights = 	22,	26,	15,	14,	4,	21,	20,	20,	29
powers = 	188,	31,	195,	176,	97,	104,	199,	52,	70
target_reward = 0
connections = 0,	512,	512,	1024,	0,	128,	0,	0,	1024;
			512,	0,	256,	0,	256,	0,	512,	0,	128;
			512,	256,	0,	0,	0,	0,	512,	0,	1024;
			1024,	0,	0,	0,	0,	0,	256,	128,	0;
			0,	256,	0,	0,	0,	0,	0,	256,	512;
			128,	0,	0,	0,	0,	0,	512,	0,	0;
			0,	512,	512,	256,	0,	512,	0,	256,	512;
			0,	0,	0,	128,	256,	0,	256,	0,	256;
			1024,	128,	1024,	0,	512,	0,	512,	256,	0
u =  0, 0, 0, 0, 0, 1, 1, 1, 1, 1, 2, 2, 2, 2, 3, 3, 3, 4, 4, 4, 5, 5, 6, 6, 6, 6, 6, 6, 7, 7, 7, 7, 8, 8, 8, 8, 8, 8
v =  1, 2, 3, 5, 8, 0, 2, 4, 6, 8, 0, 1, 6, 8, 0, 6, 7, 1, 7, 8, 0, 6, 1, 2, 3, 5, 7, 8, 3, 4, 6, 8, 0, 1, 2, 4, 6, 7
e =  512, 512, 1024, 128, 1024, 512, 256, 256, 512, 128, 512, 256, 512, 1024, 1024, 256, 128, 256, 256, 512, 128, 512, 512, 512, 256, 512, 256, 512, 128, 256, 256, 256, 1024, 128, 1024, 512, 512, 256
x = 0,0,0,0,0,0,0,0,0
y = 0,0,0,0,0,0,0,0,0
