[general]
path = outputs/system/

[chiplets]
chiplet_count = 8
widths = 	29,	4,	16,	21,	3,	11,	26,	17
heights = 	26,	4,	17,	21,	3,	13,	25,	16
powers = 	152,	74,	57,	59,	75,	13,	28,	43
target_reward = 0
connections = 0,	0,	256,	0,	0,	1024,	0,	128;
			0,	0,	512,	128,	0,	512,	512,	128;
			256,	512,	0,	128,	512,	0,	0,	0;
			0,	128,	128,	0,	256,	0,	0,	0;
			0,	0,	512,	256,	0,	0,	0,	0;
			1024,	512,	0,	0,	0,	0,	512,	1024;
			0,	512,	0,	0,	0,	512,	0,	0;
			128,	128,	0,	0,	0,	1024,	0,	0
u =  0, 0, 0, 1, 1, 1, 1, 1, 2, 2, 2, 2, 3, 3, 3, 4, 4, 5, 5, 5, 5, 6, 6, 7, 7, 7
v =  2, 5, 7, 2, 3, 5, 6, 7, 0, 1, 3, 4, 1, 2, 4, 2, 3, 0, 1, 6, 7, 1, 5, 0, 1, 5
e =  256, 1024, 128, 512, 128, 512, 512, 128, 256, 512, 128, 512, 128, 128, 256, 512, 256, 1024, 512, 512, 1024, 512, 512, 128, 128, 1024
x = 0,0,0,0,0,0,0,0
y = 0,0,0,0,0,0,0,0
