[general]
path = outputs/system/

[chiplets]
chiplet_count = 10
widths = 	6,	17,	26,	15,	22,	26,	26,	9,	25,	17
heights = 	7,	17,	29,	12,	18,	25,	30,	8,	30,	17
powers = 	164,	111,	17,	132,	17,	199,	102,	47,	157,	31
target_reward = 0
connections = 0,	1024,	256,	0,	0,	0,	0,	0,	0,	0;
			1024,	0,	256,	0,	0,	0,	0,	512,	0,	1024;
			256,	256,	0,	512,	0,	256,	0,	1024,	0,	128;
			0,	0,	512,	0,	0,	0,	0,	0,	0,	0;
			0,	0,	0,	0,	0,	256,	0,	0,	0,	1024;
			0,	0,	256,	0,	256,	0,	256,	0,	0,	0;
			0,	0,	0,	0,	0,	256,	0,	128,	128,	0;
			0,	512,	1024,	0,	0,	0,	128,	0,	1024,	0;
			0,	0,	0,	0,	0,	0,	128,	1024,	0,	0;
			0,	1024,	128,	0,	1024,	0,	0,	0,	0,	0
u =  0, 0, 1, 1, 1, 1, 2, 2, 2, 2, 2, 2, 3, 4, 4, 5, 5, 5, 6, 6, 6, 7, 7, 7, 7, 8, 8, 9, 9, 9
v =  1, 2, 0, 2, 7, 9, 0, 1, 3, 5, 7, 9, 2, 5, 9, 2, 4, 6, 5, 7, 8, 1, 2, 6, 8, 6, 7, 1, 2, 4
e =  1024, 256, 1024, 256, 512, 1024, 256, 256, 512, 256, 1024, 128, 512, 256, 1024, 256, 256, 256, 256, 128, 128, 512, 1024, 128, 1024, 128, 1024, 1024, 128, 1024
x = 0,0,0,0,0,0,0,0,0,0
y = 0,0,0,0,0,0,0,0,0,0
