[general]
path = outputs/system/

[chiplets]
chiplet_count = 8
widths = 	15,	18,	21,	25,	5,	14,	10,	20
heights = 	18,	17,	20,	20,	5,	16,	8,	18
powers = 	135,	58,	72,	142,	63,	78,	134,	160
target_reward = 0
connections = 0,	1024,	512,	0,	0,	256,	0,	0;
			1024,	0,	1024,	0,	0,	0,	0,	1024;
			512,	1024,	0,	128,	0,	0,	0,	256;
			0,	0,	128,	0,	0,	0,	128,	1024;
			0,	0,	0,	0,	0,	256,	512,	0;
			256,	0,	0,	0,	256,	0,	512,	0;
			0,	0,	0,	128,	512,	512,	0,	0;
			0,	1024,	256,	1024,	0,	0,	0,	0
u =  0, 0, 0, 1, 1, 1, 2, 2, 2, 2, 3, 3, 3, 4, 4, 5, 5, 5, 6, 6, 6, 7, 7, 7
v =  1, 2, 5, 0, 2, 7, 0, 1, 3, 7, 2, 6, 7, 5, 6, 0, 4, 6, 3, 4, 5, 1, 2, 3
e =  1024, 512, 256, 1024, 1024, 1024, 512, 1024, 128, 256, 128, 128, 1024, 256, 512, 256, 256, 512, 128, 512, 512, 1024, 256, 1024
x = 0,0,0,0,0,0,0,0
y = 0,0,0,0,0,0,0,0
