[general]
path = outputs/system/

[chiplets]
chiplet_count = 8
widths = 	25,	16,	16,	23,	27,	23,	13,	27
heights = 	21,	15,	13,	25,	26,	27,	11,	29
powers = 	38,	2,	111,	48,	74,	82,	23,	37
target_reward = 0
connections = 0,	1024,	1024,	0,	0,	1024,	0,	0;
			1024,	0,	256,	512,	256,	0,	0,	0;
			1024,	256,	0,	512,	256,	256,	512,	0;
			0,	512,	512,	0,	0,	0,	0,	0;
			0,	256,	256,	0,	0,	256,	256,	0;
			1024,	0,	256,	0,	256,	0,	512,	512;
			0,	0,	512,	0,	256,	512,	0,	0;
			0,	0,	0,	0,	0,	512,	0,	0
u =  0, 0, 0, 1, 1, 1, 1, 2, 2, 2, 2, 2, 2, 3, 3, 4, 4, 4, 4, 5, 5, 5, 5, 5, 6, 6, 6, 7
v =  1, 2, 5, 0, 2, 3, 4, 0, 1, 3, 4, 5, 6, 1, 2, 1, 2, 5, 6, 0, 2, 4, 6, 7, 2, 4, 5, 5
e =  1024, 1024, 1024, 1024, 256, 512, 256, 1024, 256, 512, 256, 256, 512, 512, 512, 256, 256, 256, 256, 1024, 256, 256, 512, 512, 512, 256, 512, 512
x = 0,0,0,0,0,0,0,0
y = 0,0,0,0,0,0,0,0
