[general]
path = outputs/system/

[chiplets]
chiplet_count = 9
widths = 	4,	6,	10,	15,	19,	23,	21,	26,	26
heights = 	4,	7,	10,	15,	21,	27,	17,	23,	23
powers = 	3,	69,	72,	41,	194,	138,	118,	17,	63
target_reward = 0
connections = 0,	0,	0,	0,	512,	0,	1024,	256,	128;
			0,	0,	0,	512,	0,	128,	0,	512,	128;
			0,	0,	0,	1024,	256,	0,	0,	0,	0;
			0,	512,	1024,	0,	256,	0,	0,	0,	0;
			512,	0,	256,	256,	0,	512,	256,	0,	0;
			0,	128,	0,	0,	512,	0,	256,	0,	512;
			1024,	0,	0,	0,	256,	256,	0,	0,	128;
			256,	512,	0,	0,	0,	0,	0,	0,	0;
			128,	128,	0,	0,	0,	512,	128,	0,	0
u =  0, 0, 0, 0, 1, 1, 1, 1, 2, 2, 3, 3, 3, 4, 4, 4, 4, 4, 5, 5, 5, 5, 6, 6, 6, 6, 7, 7, 8, 8, 8, 8
v =  4, 6, 7, 8, 3, 5, 7, 8, 3, 4, 1, 2, 4, 0, 2, 3, 5, 6, 1, 4, 6, 8, 0, 4, 5, 8, 0, 1, 0, 1, 5, 6
e =  512, 1024, 256, 128, 512, 128, 512, 128, 1024, 256, 512, 1024, 256, 512, 256, 256, 512, 256, 128, 512, 256, 512, 1024, 256, 256, 128, 256, 512, 128, 128, 512, 128
x = 0,0,0,0,0,0,0,0,0
y = 0,0,0,0,0,0,0,0,0
