[general]
path = outputs/system/

[chiplets]
chiplet_count = 9
widths = 	13,	8,	26,	24,	20,	23,	25,	23,	24
heights = 	13,	8,	26,	29,	24,	20,	28,	26,	25
powers = 	18,	160,	17,	67,	21,	125,	129,	162,	83
target_reward = 0
connections = 0,	512,	0,	128,	128,	0,	0,	0,	0;
			512,	0,	1024,	256,	0,	0,	1024,	0,	0;
			0,	1024,	0,	0,	0,	128,	0,	0,	0;
			128,	256,	0,	0,	0,	0,	128,	0,	0;
			128,	0,	0,	0,	0,	0,	1024,	0,	1024;
			0,	0,	128,	0,	0,	0,	256,	256,	512;
			0,	1024,	0,	128,	1024,	256,	0,	128,	128;
			0,	0,	0,	0,	0,	256,	128,	0,	512;
			0,	0,	0,	0,	1024,	512,	128,	512,	0
u =  0, 0, 0, 1, 1, 1, 1, 2, 2, 3, 3, 3, 4, 4, 4, 5, 5, 5, 5, 6, 6, 6, 6, 6, 6, 7, 7, 7, 8, 8, 8, 8
v =  1, 3, 4, 0, 2, 3, 6, 1, 5, 0, 1, 6, 0, 6, 8, 2, 6, 7, 8, 1, 3, 4, 5, 7, 8, 5, 6, 8, 4, 5, 6, 7
e =  512, 128, 128, 512, 1024, 256, 1024, 1024, 128, 128, 256, 128, 128, 1024, 1024, 128, 256, 256, 512, 1024, 128, 1024, 256, 128, 128, 256, 128, 512, 1024, 512, 128, 512
x = 0,0,0,0,0,0,0,0,0
y = 0,0,0,0,0,0,0,0,0
