[general]
path = outputs/system/

[chiplets]
chiplet_count = 9
widths = 	23,	9,	17,	14,	19,	18,	25,	26,	24
heights = 	22,	8,	14,	13,	20,	17,	21,	25,	23
powers = 	93,	46,	9,	13,	188,	41,	147,	167,	6
target_reward = 0
connections = 0,	0,	512,	0,	0,	0,	128,	0,	0;
			0,	0,	1024,	1024,	0,	0,	0,	1024,	256;
			512,	1024,	0,	256,	256,	0,	0,	0,	512;
			0,	1024,	256,	0,	512,	0,	0,	0,	128;
			0,	0,	256,	512,	0,	0,	1024,	256,	0;
			0,	0,	0,	0,	0,	0,	0,	256,	0;
			128,	0,	0,	0,	1024,	0,	0,	128,	0;
			0,	1024,	0,	0,	256,	256,	128,	0,	0;
			0,	256,	512,	128,	0,	0,	0,	0,	0
u =  0, 0, 1, 1, 1, 1, 2, 2, 2, 2, 2, 3, 3, 3, 3, 4, 4, 4, 4, 5, 6, 6, 6, 7, 7, 7, 7, 8, 8, 8
v =  2, 6, 2, 3, 7, 8, 0, 1, 3, 4, 8, 1, 2, 4, 8, 2, 3, 6, 7, 7, 0, 4, 7, 1, 4, 5, 6, 1, 2, 3
e =  512, 128, 1024, 1024, 1024, 256, 512, 1024, 256, 256, 512, 1024, 256, 512, 128, 256, 512, 1024, 256, 256, 128, 1024, 128, 1024, 256, 256, 128, 256, 512, 128
x = 0,0,0,0,0,0,0,0,0
y = 0,0,0,0,0,0,0,0,0
