[general]
path = outputs/system/

[chiplets]
chiplet_count = 9
widths = 	20,	20,	25,	28,	8,	30,	13,	11,	19
heights = 	22,	19,	26,	29,	7,	26,	12,	11,	18
powers = 	102,	17,	91,	163,	142,	43,	114,	79,	162
target_reward = 0
connections = 0,	0,	512,	0,	512,	128,	0,	0,	256;
			0,	0,	256,	256,	256,	0,	0,	512,	1024;
			512,	256,	0,	1024,	128,	512,	1024,	0,	0;
			0,	256,	1024,	0,	128,	0,	0,	512,	128;
			512,	256,	128,	128,	0,	0,	0,	512,	0;
			128,	0,	512,	0,	0,	0,	0,	0,	512;
			0,	0,	1024,	0,	0,	0,	0,	0,	0;
			0,	512,	0,	512,	512,	0,	0,	0,	512;
			256,	1024,	0,	128,	0,	512,	0,	512,	0
u =  0, 0, 0, 0, 1, 1, 1, 1, 1, 2, 2, 2, 2, 2, 2, 3, 3, 3, 3, 3, 4, 4, 4, 4, 4, 5, 5, 5, 6, 7, 7, 7, 7, 8, 8, 8, 8, 8
v =  2, 4, 5, 8, 2, 3, 4, 7, 8, 0, 1, 3, 4, 5, 6, 1, 2, 4, 7, 8, 0, 1, 2, 3, 7, 0, 2, 8, 2, 1, 3, 4, 8, 0, 1, 3, 5, 7
e =  512, 512, 128, 256, 256, 256, 256, 512, 1024, 512, 256, 1024, 128, 512, 1024, 256, 1024, 128, 512, 128, 512, 256, 128, 128, 512, 128, 512, 512, 1024, 512, 512, 512, 512, 256, 1024, 128, 512, 512
x = 0,0,0,0,0,0,0,0,0
y = 0,0,0,0,0,0,0,0,0
