[general]
path = outputs/system/

[chiplets]
chiplet_count = 8
widths = 	27,	26,	24,	30,	7,	20,	19,	14
heights = 	26,	27,	20,	27,	8,	17,	22,	16
powers = 	57,	167,	86,	93,	108,	189,	195,	178
target_reward = 0
connections = 0,	0,	0,	0,	128,	0,	0,	0;
			0,	0,	0,	0,	0,	512,	0,	1024;
			0,	0,	0,	256,	0,	512,	0,	1024;
			0,	0,	256,	0,	128,	0,	0,	0;
			128,	0,	0,	128,	0,	512,	128,	0;
			0,	512,	512,	0,	512,	0,	256,	128;
			0,	0,	0,	0,	128,	256,	0,	512;
			0,	1024,	1024,	0,	0,	128,	512,	0
u =  0, 1, 1, 2, 2, 2, 3, 3, 4, 4, 4, 4, 5, 5, 5, 5, 5, 6, 6, 6, 7, 7, 7, 7
v =  4, 5, 7, 3, 5, 7, 2, 4, 0, 3, 5, 6, 1, 2, 4, 6, 7, 4, 5, 7, 1, 2, 5, 6
e =  128, 512, 1024, 256, 512, 1024, 256, 128, 128, 128, 512, 128, 512, 512, 512, 256, 128, 128, 256, 512, 1024, 1024, 128, 512
x = 0,0,0,0,0,0,0,0
y = 0,0,0,0,0,0,0,0
