[general]
path = outputs/system/

[chiplets]
chiplet_count = 8
widths = 	8,	7,	10,	29,	12,	21,	26,	20
heights = 	8,	8,	12,	25,	10,	25,	25,	21
powers = 	48,	51,	63,	84,	3,	93,	143,	12
target_reward = 0
connections = 0,	0,	0,	128,	0,	0,	0,	128;
			0,	0,	0,	256,	1024,	0,	512,	0;
			0,	0,	0,	128,	256,	0,	1024,	0;
			128,	256,	128,	0,	512,	0,	0,	512;
			0,	1024,	256,	512,	0,	256,	1024,	0;
			0,	0,	0,	0,	256,	0,	256,	0;
			0,	512,	1024,	0,	1024,	256,	0,	0;
			128,	0,	0,	512,	0,	0,	0,	0
u =  0, 0, 1, 1, 1, 2, 2, 2, 3, 3, 3, 3, 3, 4, 4, 4, 4, 4, 5, 5, 6, 6, 6, 6, 7, 7
v =  3, 7, 3, 4, 6, 3, 4, 6, 0, 1, 2, 4, 7, 1, 2, 3, 5, 6, 4, 6, 1, 2, 4, 5, 0, 3
e =  128, 128, 256, 1024, 512, 128, 256, 1024, 128, 256, 128, 512, 512, 1024, 256, 512, 256, 1024, 256, 256, 512, 1024, 1024, 256, 128, 512
x = 0,0,0,0,0,0,0,0
y = 0,0,0,0,0,0,0,0
