[general]
path = outputs/system/

[chiplets]
chiplet_count = 9
widths = 	12,	20,	20,	15,	27,	10,	24,	15,	16
heights = 	13,	19,	23,	14,	22,	8,	26,	18,	17
powers = 	52,	87,	168,	86,	183,	29,	174,	18,	105
target_reward = 0
connections = 0,	1024,	256,	0,	0,	0,	512,	128,	1024;
			1024,	0,	512,	0,	128,	0,	0,	512,	512;
			256,	512,	0,	0,	0,	0,	512,	256,	0;
			0,	0,	0,	0,	0,	0,	0,	128,	256;
			0,	128,	0,	0,	0,	0,	0,	0,	256;
			0,	0,	0,	0,	0,	0,	0,	0,	256;
			512,	0,	512,	0,	0,	0,	0,	1024,	256;
			128,	512,	256,	128,	0,	0,	1024,	0,	512;
			1024,	512,	0,	256,	256,	256,	256,	512,	0
u =  0, 0, 0, 0, 0, 1, 1, 1, 1, 1, 2, 2, 2, 2, 3, 3, 4, 4, 5, 6, 6, 6, 6, 7, 7, 7, 7, 7, 7, 8, 8, 8, 8, 8, 8, 8
v =  1, 2, 6, 7, 8, 0, 2, 4, 7, 8, 0, 1, 6, 7, 7, 8, 1, 8, 8, 0, 2, 7, 8, 0, 1, 2, 3, 6, 8, 0, 1, 3, 4, 5, 6, 7
e =  1024, 256, 512, 128, 1024, 1024, 512, 128, 512, 512, 256, 512, 512, 256, 128, 256, 128, 256, 256, 512, 512, 1024, 256, 128, 512, 256, 128, 1024, 512, 1024, 512, 256, 256, 256, 256, 512
x = 0,0,0,0,0,0,0,0,0
y = 0,0,0,0,0,0,0,0,0
