[general]
path = outputs/system/

[chiplets]
chiplet_count = 8
widths = 	25,	9,	22,	21,	19,	5,	4,	21
heights = 	29,	9,	25,	19,	18,	6,	5,	20
powers = 	167,	109,	81,	178,	83,	175,	34,	48
target_reward = 0
connections = 0,	0,	0,	0,	512,	512,	0,	0;
			0,	0,	512,	256,	0,	512,	256,	512;
			0,	512,	0,	128,	0,	0,	0,	0;
			0,	256,	128,	0,	1024,	0,	0,	256;
			512,	0,	0,	1024,	0,	512,	256,	0;
			512,	512,	0,	0,	512,	0,	128,	128;
			0,	256,	0,	0,	256,	128,	0,	0;
			0,	512,	0,	256,	0,	128,	0,	0
u =  0, 0, 1, 1, 1, 1, 1, 2, 2, 3, 3, 3, 3, 4, 4, 4, 4, 5, 5, 5, 5, 5, 6, 6, 6, 7, 7, 7
v =  4, 5, 2, 3, 5, 6, 7, 1, 3, 1, 2, 4, 7, 0, 3, 5, 6, 0, 1, 4, 6, 7, 1, 4, 5, 1, 3, 5
e =  512, 512, 512, 256, 512, 256, 512, 512, 128, 256, 128, 1024, 256, 512, 1024, 512, 256, 512, 512, 512, 128, 128, 256, 256, 128, 512, 256, 128
x = 0,0,0,0,0,0,0,0
y = 0,0,0,0,0,0,0,0
