[general]
path = outputs/system/

[chiplets]
chiplet_count = 9
widths = 	14,	12,	8,	20,	23,	17,	23,	3,	30
heights = 	16,	12,	10,	21,	27,	17,	27,	3,	29
powers = 	148,	152,	46,	117,	54,	14,	187,	15,	89
target_reward = 0
connections = 0,	0,	0,	0,	128,	0,	0,	0,	128;
			0,	0,	128,	0,	0,	0,	0,	0,	0;
			0,	128,	0,	0,	128,	1024,	0,	0,	0;
			0,	0,	0,	0,	0,	0,	0,	0,	256;
			128,	0,	128,	0,	0,	512,	256,	0,	0;
			0,	0,	1024,	0,	512,	0,	128,	256,	256;
			0,	0,	0,	0,	256,	128,	0,	1024,	0;
			0,	0,	0,	0,	0,	256,	1024,	0,	128;
			128,	0,	0,	256,	0,	256,	0,	128,	0
u =  0, 0, 1, 2, 2, 2, 3, 4, 4, 4, 4, 5, 5, 5, 5, 5, 6, 6, 6, 7, 7, 7, 8, 8, 8, 8
v =  4, 8, 2, 1, 4, 5, 8, 0, 2, 5, 6, 2, 4, 6, 7, 8, 4, 5, 7, 5, 6, 8, 0, 3, 5, 7
e =  128, 128, 128, 128, 128, 1024, 256, 128, 128, 512, 256, 1024, 512, 128, 256, 256, 256, 128, 1024, 256, 1024, 128, 128, 256, 256, 128
x = 0,0,0,0,0,0,0,0,0
y = 0,0,0,0,0,0,0,0,0
