[general]
path = outputs/system/

[chiplets]
chiplet_count = 10
widths = 	20,	28,	21,	21,	21,	17,	26,	24,	29,	10
heights = 	17,	29,	17,	22,	26,	21,	25,	21,	30,	10
powers = 	145,	68,	92,	74,	163,	32,	86,	142,	60,	19
target_reward = 0
connections = 0,	0,	0,	0,	0,	0,	512,	512,	128,	256;
			0,	0,	0,	0,	0,	1024,	512,	256,	0,	512;
			0,	0,	0,	1024,	1024,	512,	256,	0,	0,	0;
			0,	0,	1024,	0,	256,	1024,	0,	0,	0,	0;
			0,	0,	1024,	256,	0,	1024,	0,	0,	0,	0;
			0,	1024,	512,	1024,	1024,	0,	256,	512,	0,	256;
			512,	512,	256,	0,	0,	256,	0,	0,	0,	512;
			512,	256,	0,	0,	0,	512,	0,	0,	0,	0;
			128,	0,	0,	0,	0,	0,	0,	0,	0,	0;
			256,	512,	0,	0,	0,	256,	512,	0,	0,	0
u =  0, 0, 0, 0, 1, 1, 1, 1, 2, 2, 2, 2, 3, 3, 3, 4, 4, 4, 5, 5, 5, 5, 5, 5, 5, 6, 6, 6, 6, 6, 7, 7, 7, 8, 9, 9, 9, 9
v =  6, 7, 8, 9, 5, 6, 7, 9, 3, 4, 5, 6, 2, 4, 5, 2, 3, 5, 1, 2, 3, 4, 6, 7, 9, 0, 1, 2, 5, 9, 0, 1, 5, 0, 0, 1, 5, 6
e =  512, 512, 128, 256, 1024, 512, 256, 512, 1024, 1024, 512, 256, 1024, 256, 1024, 1024, 256, 1024, 1024, 512, 1024, 1024, 256, 512, 256, 512, 512, 256, 256, 512, 512, 256, 512, 128, 256, 512, 256, 512
x = 0,0,0,0,0,0,0,0,0,0
y = 0,0,0,0,0,0,0,0,0,0
