[general]
path = outputs/system/

[chiplets]
chiplet_count = 9
widths = 	12,	19,	21,	23,	16,	23,	29,	17,	27
heights = 	10,	21,	25,	26,	18,	21,	28,	20,	25
powers = 	195,	13,	2,	73,	9,	51,	147,	77,	166
target_reward = 0
connections = 0,	512,	128,	128,	0,	0,	0,	1024,	128;
			512,	0,	512,	0,	0,	512,	0,	0,	1024;
			128,	512,	0,	128,	1024,	512,	0,	512,	0;
			128,	0,	128,	0,	128,	0,	512,	256,	0;
			0,	0,	1024,	128,	0,	0,	0,	0,	0;
			0,	512,	512,	0,	0,	0,	512,	128,	0;
			0,	0,	0,	512,	0,	512,	0,	128,	0;
			1024,	0,	512,	256,	0,	128,	128,	0,	256;
			128,	1024,	0,	0,	0,	0,	0,	256,	0
u =  0, 0, 0, 0, 0, 1, 1, 1, 1, 2, 2, 2, 2, 2, 2, 3, 3, 3, 3, 3, 4, 4, 5, 5, 5, 5, 6, 6, 6, 7, 7, 7, 7, 7, 7, 8, 8, 8
v =  1, 2, 3, 7, 8, 0, 2, 5, 8, 0, 1, 3, 4, 5, 7, 0, 2, 4, 6, 7, 2, 3, 1, 2, 6, 7, 3, 5, 7, 0, 2, 3, 5, 6, 8, 0, 1, 7
e =  512, 128, 128, 1024, 128, 512, 512, 512, 1024, 128, 512, 128, 1024, 512, 512, 128, 128, 128, 512, 256, 1024, 128, 512, 512, 512, 128, 512, 512, 128, 1024, 512, 256, 128, 128, 256, 128, 1024, 256
x = 0,0,0,0,0,0,0,0,0
y = 0,0,0,0,0,0,0,0,0
