[general]
path = outputs/system/

[chiplets]
chiplet_count = 7
widths = 	17,	24,	22,	21,	9,	27,	28
heights = 	19,	28,	25,	24,	10,	23,	25
powers = 	25,	154,	67,	99,	118,	200,	110
target_reward = 0
connections = 0,	128,	512,	0,	0,	0,	512;
			128,	0,	256,	1024,	0,	512,	1024;
			512,	256,	0,	128,	1024,	0,	0;
			0,	1024,	128,	0,	0,	256,	0;
			0,	0,	1024,	0,	0,	1024,	0;
			0,	512,	0,	256,	1024,	0,	128;
			512,	1024,	0,	0,	0,	128,	0
u =  0, 0, 0, 1, 1, 1, 1, 1, 2, 2, 2, 2, 3, 3, 3, 4, 4, 5, 5, 5, 5, 6, 6, 6
v =  1, 2, 6, 0, 2, 3, 5, 6, 0, 1, 3, 4, 1, 2, 5, 2, 5, 1, 3, 4, 6, 0, 1, 5
e =  128, 512, 512, 128, 256, 1024, 512, 1024, 512, 256, 128, 1024, 1024, 128, 256, 1024, 1024, 512, 256, 1024, 128, 512, 1024, 128
x = 0,0,0,0,0,0,0
y = 0,0,0,0,0,0,0
