[general]
path = outputs/system/

[chiplets]
chiplet_count = 9
widths = 	13,	7,	13,	22,	29,	12,	16,	17,	17
heights = 	15,	7,	13,	20,	24,	15,	16,	17,	19
powers = 	73,	142,	45,	11,	31,	33,	23,	194,	120
target_reward = 0
connections = 0,	128,	256,	0,	128,	0,	0,	0,	128;
			128,	0,	128,	128,	0,	0,	1024,	0,	1024;
			256,	128,	0,	0,	0,	512,	0,	0,	0;
			0,	128,	0,	0,	128,	128,	0,	0,	0;
			128,	0,	0,	128,	0,	512,	0,	0,	512;
			0,	0,	512,	128,	512,	0,	0,	0,	128;
			0,	1024,	0,	0,	0,	0,	0,	128,	0;
			0,	0,	0,	0,	0,	0,	128,	0,	128;
			128,	1024,	0,	0,	512,	128,	0,	128,	0
u =  0, 0, 0, 0, 1, 1, 1, 1, 1, 2, 2, 2, 3, 3, 3, 4, 4, 4, 4, 5, 5, 5, 5, 6, 6, 7, 7, 8, 8, 8, 8, 8
v =  1, 2, 4, 8, 0, 2, 3, 6, 8, 0, 1, 5, 1, 4, 5, 0, 3, 5, 8, 2, 3, 4, 8, 1, 7, 6, 8, 0, 1, 4, 5, 7
e =  128, 256, 128, 128, 128, 128, 128, 1024, 1024, 256, 128, 512, 128, 128, 128, 128, 128, 512, 512, 512, 128, 512, 128, 1024, 128, 128, 128, 128, 1024, 512, 128, 128
x = 0,0,0,0,0,0,0,0,0
y = 0,0,0,0,0,0,0,0,0
