[general]
path = outputs/system/

[chiplets]
chiplet_count = 10
widths = 	21,	10,	29,	25,	30,	13,	19,	17,	15,	9
heights = 	24,	9,	29,	21,	25,	13,	17,	20,	17,	11
powers = 	94,	117,	61,	163,	195,	191,	144,	197,	31,	28
target_reward = 0
connections = 0,	0,	1024,	512,	0,	0,	1024,	128,	0,	0;
			0,	0,	0,	0,	0,	0,	1024,	512,	0,	128;
			1024,	0,	0,	1024,	256,	128,	128,	0,	0,	0;
			512,	0,	1024,	0,	1024,	1024,	0,	0,	128,	0;
			0,	0,	256,	1024,	0,	0,	128,	0,	0,	0;
			0,	0,	128,	1024,	0,	0,	0,	0,	0,	0;
			1024,	1024,	128,	0,	128,	0,	0,	1024,	0,	256;
			128,	512,	0,	0,	0,	0,	1024,	0,	256,	256;
			0,	0,	0,	128,	0,	0,	0,	256,	0,	1024;
			0,	128,	0,	0,	0,	0,	256,	256,	1024,	0
u =  0, 0, 0, 0, 1, 1, 1, 2, 2, 2, 2, 2, 3, 3, 3, 3, 3, 4, 4, 4, 5, 5, 6, 6, 6, 6, 6, 6, 7, 7, 7, 7, 7, 8, 8, 8, 9, 9, 9, 9
v =  2, 3, 6, 7, 6, 7, 9, 0, 3, 4, 5, 6, 0, 2, 4, 5, 8, 2, 3, 6, 2, 3, 0, 1, 2, 4, 7, 9, 0, 1, 6, 8, 9, 3, 7, 9, 1, 6, 7, 8
e =  1024, 512, 1024, 128, 1024, 512, 128, 1024, 1024, 256, 128, 128, 512, 1024, 1024, 1024, 128, 256, 1024, 128, 128, 1024, 1024, 1024, 128, 128, 1024, 256, 128, 512, 1024, 256, 256, 128, 256, 1024, 128, 256, 256, 1024
x = 0,0,0,0,0,0,0,0,0,0
y = 0,0,0,0,0,0,0,0,0,0
