[general]
path = outputs/system/

[chiplets]
chiplet_count = 7
widths = 	22,	26,	27,	9,	11,	15,	17
heights = 	21,	22,	27,	11,	13,	18,	16
powers = 	40,	48,	116,	182,	40,	131,	143
target_reward = 0
connections = 0,	0,	512,	0,	512,	1024,	0;
			0,	0,	128,	256,	1024,	0,	256;
			512,	128,	0,	128,	512,	0,	0;
			0,	256,	128,	0,	512,	0,	256;
			512,	1024,	512,	512,	0,	256,	0;
			1024,	0,	0,	0,	256,	0,	128;
			0,	256,	0,	256,	0,	128,	0
u =  0, 0, 0, 1, 1, 1, 1, 2, 2, 2, 2, 3, 3, 3, 3, 4, 4, 4, 4, 4, 5, 5, 5, 6, 6, 6
v =  2, 4, 5, 2, 3, 4, 6, 0, 1, 3, 4, 1, 2, 4, 6, 0, 1, 2, 3, 5, 0, 4, 6, 1, 3, 5
e =  512, 512, 1024, 128, 256, 1024, 256, 512, 128, 128, 512, 256, 128, 512, 256, 512, 1024, 512, 512, 256, 1024, 256, 128, 256, 256, 128
x = 0,0,0,0,0,0,0
y = 0,0,0,0,0,0,0
