[general]
path = outputs/system/

[chiplets]
chiplet_count = 11
widths = 	27,	14,	25,	24,	14,	16,	4,	22,	10,	7,	13
heights = 	24,	14,	24,	22,	16,	20,	5,	22,	8,	7,	13
powers = 	1,	156,	177,	83,	110,	172,	4,	84,	17,	166,	39
target_reward = 0
connections = 0,	0,	0,	0,	0,	0,	0,	0,	128,	0,	0;
			0,	0,	0,	0,	0,	0,	0,	512,	256,	0,	0;
			0,	0,	0,	256,	0,	256,	128,	256,	0,	256,	128;
			0,	0,	256,	0,	512,	0,	0,	0,	0,	1024,	0;
			0,	0,	0,	512,	0,	512,	0,	512,	512,	0,	0;
			0,	0,	256,	0,	512,	0,	0,	0,	0,	0,	0;
			0,	0,	128,	0,	0,	0,	0,	0,	0,	128,	0;
			0,	512,	256,	0,	512,	0,	0,	0,	0,	0,	512;
			128,	256,	0,	0,	512,	0,	0,	0,	0,	256,	1024;
			0,	0,	256,	1024,	0,	0,	128,	0,	256,	0,	0;
			0,	0,	128,	0,	0,	0,	0,	512,	1024,	0,	0
u =  0, 1, 1, 2, 2, 2, 2, 2, 2, 3, 3, 3, 4, 4, 4, 4, 5, 5, 6, 6, 7, 7, 7, 7, 8, 8, 8, 8, 8, 9, 9, 9, 9, 10, 10, 10
v =  8, 7, 8, 3, 5, 6, 7, 9, 10, 2, 4, 9, 3, 5, 7, 8, 2, 4, 2, 9, 1, 2, 4, 10, 0, 1, 4, 9, 10, 2, 3, 6, 8, 2, 7, 8
e =  128, 512, 256, 256, 256, 128, 256, 256, 128, 256, 512, 1024, 512, 512, 512, 512, 256, 512, 128, 128, 512, 256, 512, 512, 128, 256, 512, 256, 1024, 256, 1024, 128, 256, 128, 512, 1024
x = 0,0,0,0,0,0,0,0,0,0,0
y = 0,0,0,0,0,0,0,0,0,0,0
