[general]
path = outputs/system/

[chiplets]
chiplet_count = 8
widths = 	15,	11,	7,	21,	12,	19,	23,	26
heights = 	18,	12,	8,	18,	12,	17,	24,	29
powers = 	34,	45,	69,	42,	88,	4,	7,	86
target_reward = 0
connections = 0,	256,	128,	0,	512,	0,	512,	1024;
			256,	0,	256,	128,	256,	0,	0,	512;
			128,	256,	0,	128,	0,	128,	256,	0;
			0,	128,	128,	0,	0,	0,	0,	128;
			512,	256,	0,	0,	0,	0,	1024,	256;
			0,	0,	128,	0,	0,	0,	0,	1024;
			512,	0,	256,	0,	1024,	0,	0,	0;
			1024,	512,	0,	128,	256,	1024,	0,	0
u =  0, 0, 0, 0, 0, 1, 1, 1, 1, 1, 2, 2, 2, 2, 2, 3, 3, 3, 4, 4, 4, 4, 5, 5, 6, 6, 6, 7, 7, 7, 7, 7
v =  1, 2, 4, 6, 7, 0, 2, 3, 4, 7, 0, 1, 3, 5, 6, 1, 2, 7, 0, 1, 6, 7, 2, 7, 0, 2, 4, 0, 1, 3, 4, 5
e =  256, 128, 512, 512, 1024, 256, 256, 128, 256, 512, 128, 256, 128, 128, 256, 128, 128, 128, 512, 256, 1024, 256, 128, 1024, 512, 256, 1024, 1024, 512, 128, 256, 1024
x = 0,0,0,0,0,0,0,0
y = 0,0,0,0,0,0,0,0
