[general]
path = outputs/system/

[chiplets]
chiplet_count = 8
widths = 	12,	6,	18,	7,	9,	21,	16,	18
heights = 	12,	5,	21,	7,	10,	22,	20,	17
powers = 	118,	48,	160,	197,	67,	144,	141,	168
target_reward = 0
connections = 0,	0,	0,	256,	0,	512,	0,	0;
			0,	0,	1024,	0,	512,	0,	0,	0;
			0,	1024,	0,	0,	0,	1024,	0,	1024;
			256,	0,	0,	0,	128,	1024,	256,	0;
			0,	512,	0,	128,	0,	128,	0,	0;
			512,	0,	1024,	1024,	128,	0,	256,	1024;
			0,	0,	0,	256,	0,	256,	0,	256;
			0,	0,	1024,	0,	0,	1024,	256,	0
u =  0, 0, 1, 1, 2, 2, 2, 3, 3, 3, 3, 4, 4, 4, 5, 5, 5, 5, 5, 5, 6, 6, 6, 7, 7, 7
v =  3, 5, 2, 4, 1, 5, 7, 0, 4, 5, 6, 1, 3, 5, 0, 2, 3, 4, 6, 7, 3, 5, 7, 2, 5, 6
e =  256, 512, 1024, 512, 1024, 1024, 1024, 256, 128, 1024, 256, 512, 128, 128, 512, 1024, 1024, 128, 256, 1024, 256, 256, 256, 1024, 1024, 256
x = 0,0,0,0,0,0,0,0
y = 0,0,0,0,0,0,0,0
