[general]
path = outputs/system/

[chiplets]
chiplet_count = 9
widths = 	9,	17,	17,	29,	30,	14,	15,	14,	28
heights = 	10,	16,	19,	27,	26,	16,	14,	16,	30
powers = 	6,	23,	16,	13,	147,	77,	172,	182,	10
target_reward = 0
connections = 0,	0,	0,	0,	0,	0,	256,	512,	128;
			0,	0,	1024,	0,	0,	512,	0,	1024,	0;
			0,	1024,	0,	0,	0,	128,	1024,	128,	512;
			0,	0,	0,	0,	512,	512,	0,	0,	0;
			0,	0,	0,	512,	0,	128,	128,	0,	256;
			0,	512,	128,	512,	128,	0,	256,	1024,	256;
			256,	0,	1024,	0,	128,	256,	0,	0,	128;
			512,	1024,	128,	0,	0,	1024,	0,	0,	0;
			128,	0,	512,	0,	256,	256,	128,	0,	0
u =  0, 0, 0, 1, 1, 1, 2, 2, 2, 2, 2, 3, 3, 4, 4, 4, 4, 5, 5, 5, 5, 5, 5, 5, 6, 6, 6, 6, 6, 7, 7, 7, 7, 8, 8, 8, 8, 8
v =  6, 7, 8, 2, 5, 7, 1, 5, 6, 7, 8, 4, 5, 3, 5, 6, 8, 1, 2, 3, 4, 6, 7, 8, 0, 2, 4, 5, 8, 0, 1, 2, 5, 0, 2, 4, 5, 6
e =  256, 512, 128, 1024, 512, 1024, 1024, 128, 1024, 128, 512, 512, 512, 512, 128, 128, 256, 512, 128, 512, 128, 256, 1024, 256, 256, 1024, 128, 256, 128, 512, 1024, 128, 1024, 128, 512, 256, 256, 128
x = 0,0,0,0,0,0,0,0,0
y = 0,0,0,0,0,0,0,0,0
