[general]
path = outputs/system/

[chiplets]
chiplet_count = 9
widths = 	14,	18,	17,	13,	5,	29,	27,	12,	13
heights = 	12,	20,	14,	11,	5,	24,	27,	11,	11
powers = 	94,	187,	57,	189,	199,	186,	102,	161,	5
target_reward = 0
connections = 0,	512,	256,	128,	0,	0,	0,	0,	128;
			512,	0,	256,	128,	0,	256,	128,	0,	0;
			256,	256,	0,	512,	0,	1024,	256,	0,	0;
			128,	128,	512,	0,	0,	0,	0,	0,	0;
			0,	0,	0,	0,	0,	128,	512,	0,	0;
			0,	256,	1024,	0,	128,	0,	0,	0,	0;
			0,	128,	256,	0,	512,	0,	0,	128,	256;
			0,	0,	0,	0,	0,	0,	128,	0,	0;
			128,	0,	0,	0,	0,	0,	256,	0,	0
u =  0, 0, 0, 0, 1, 1, 1, 1, 1, 2, 2, 2, 2, 2, 3, 3, 3, 4, 4, 5, 5, 5, 6, 6, 6, 6, 6, 7, 8, 8
v =  1, 2, 3, 8, 0, 2, 3, 5, 6, 0, 1, 3, 5, 6, 0, 1, 2, 5, 6, 1, 2, 4, 1, 2, 4, 7, 8, 6, 0, 6
e =  512, 256, 128, 128, 512, 256, 128, 256, 128, 256, 256, 512, 1024, 256, 128, 128, 512, 128, 512, 256, 1024, 128, 128, 256, 512, 128, 256, 128, 128, 256
x = 0,0,0,0,0,0,0,0,0
y = 0,0,0,0,0,0,0,0,0
