[general]
path = outputs/system/

[chiplets]
chiplet_count = 7
widths = 	22,	20,	17,	9,	13,	30,	14
heights = 	22,	24,	18,	8,	13,	24,	16
powers = 	106,	119,	74,	139,	186,	55,	200
target_reward = 0
connections = 0,	0,	512,	128,	512,	0,	0;
			0,	0,	256,	0,	128,	0,	0;
			512,	256,	0,	1024,	512,	0,	0;
			128,	0,	1024,	0,	256,	512,	256;
			512,	128,	512,	256,	0,	1024,	512;
			0,	0,	0,	512,	1024,	0,	0;
			0,	0,	0,	256,	512,	0,	0
u =  0, 0, 0, 1, 1, 2, 2, 2, 2, 3, 3, 3, 3, 3, 4, 4, 4, 4, 4, 4, 5, 5, 6, 6
v =  2, 3, 4, 2, 4, 0, 1, 3, 4, 0, 2, 4, 5, 6, 0, 1, 2, 3, 5, 6, 3, 4, 3, 4
e =  512, 128, 512, 256, 128, 512, 256, 1024, 512, 128, 1024, 256, 512, 256, 512, 128, 512, 256, 1024, 512, 512, 1024, 256, 512
x = 0,0,0,0,0,0,0
y = 0,0,0,0,0,0,0
