[general]
path = outputs/system/

[chiplets]
chiplet_count = 11
widths = 	18,	25,	25,	26,	23,	9,	18,	25,	20,	23,	19
heights = 	21,	25,	24,	22,	27,	10,	17,	22,	24,	21,	17
powers = 	88,	158,	180,	40,	162,	55,	29,	81,	114,	12,	24
target_reward = 0
connections = 0,	128,	0,	0,	256,	512,	512,	0,	512,	128,	0;
			128,	0,	256,	128,	0,	0,	256,	0,	256,	0,	0;
			0,	256,	0,	512,	0,	0,	256,	1024,	0,	0,	1024;
			0,	128,	512,	0,	256,	0,	0,	0,	0,	0,	0;
			256,	0,	0,	256,	0,	0,	0,	0,	0,	0,	0;
			512,	0,	0,	0,	0,	0,	512,	1024,	0,	0,	0;
			512,	256,	256,	0,	0,	512,	0,	512,	0,	128,	0;
			0,	0,	1024,	0,	0,	1024,	512,	0,	0,	0,	128;
			512,	256,	0,	0,	0,	0,	0,	0,	0,	0,	0;
			128,	0,	0,	0,	0,	0,	128,	0,	0,	0,	0;
			0,	0,	1024,	0,	0,	0,	0,	128,	0,	0,	0
u =  0, 0, 0, 0, 0, 0, 1, 1, 1, 1, 1, 2, 2, 2, 2, 2, 3, 3, 3, 4, 4, 5, 5, 5, 6, 6, 6, 6, 6, 6, 7, 7, 7, 7, 8, 8, 9, 9, 10, 10
v =  1, 4, 5, 6, 8, 9, 0, 2, 3, 6, 8, 1, 3, 6, 7, 10, 1, 2, 4, 0, 3, 0, 6, 7, 0, 1, 2, 5, 7, 9, 2, 5, 6, 10, 0, 1, 0, 6, 2, 7
e =  128, 256, 512, 512, 512, 128, 128, 256, 128, 256, 256, 256, 512, 256, 1024, 1024, 128, 512, 256, 256, 256, 512, 512, 1024, 512, 256, 256, 512, 512, 128, 1024, 1024, 512, 128, 512, 256, 128, 128, 1024, 128
x = 0,0,0,0,0,0,0,0,0,0,0
y = 0,0,0,0,0,0,0,0,0,0,0
