[general]
path = outputs/system/

[chiplets]
chiplet_count = 9
widths = 	30,	14,	27,	16,	26,	19,	26,	16,	29
heights = 	28,	14,	25,	15,	26,	21,	30,	14,	30
powers = 	183,	60,	92,	60,	56,	33,	73,	84,	91
target_reward = 0
connections = 0,	0,	0,	128,	128,	256,	128,	512,	0;
			0,	0,	256,	0,	0,	0,	0,	1024,	128;
			0,	256,	0,	1024,	0,	0,	0,	1024,	0;
			128,	0,	1024,	0,	256,	1024,	0,	1024,	0;
			128,	0,	0,	256,	0,	128,	512,	512,	0;
			256,	0,	0,	1024,	128,	0,	1024,	0,	0;
			128,	0,	0,	0,	512,	1024,	0,	1024,	0;
			512,	1024,	1024,	1024,	512,	0,	1024,	0,	0;
			0,	128,	0,	0,	0,	0,	0,	0,	0
u =  0, 0, 0, 0, 0, 1, 1, 1, 2, 2, 2, 3, 3, 3, 3, 3, 4, 4, 4, 4, 4, 5, 5, 5, 5, 6, 6, 6, 6, 7, 7, 7, 7, 7, 7, 8
v =  3, 4, 5, 6, 7, 2, 7, 8, 1, 3, 7, 0, 2, 4, 5, 7, 0, 3, 5, 6, 7, 0, 3, 4, 6, 0, 4, 5, 7, 0, 1, 2, 3, 4, 6, 1
e =  128, 128, 256, 128, 512, 256, 1024, 128, 256, 1024, 1024, 128, 1024, 256, 1024, 1024, 128, 256, 128, 512, 512, 256, 1024, 128, 1024, 128, 512, 1024, 1024, 512, 1024, 1024, 1024, 512, 1024, 128
x = 0,0,0,0,0,0,0,0,0
y = 0,0,0,0,0,0,0,0,0
