[general]
path = outputs/system/

[chiplets]
chiplet_count = 10
widths = 	18,	6,	21,	19,	10,	14,	28,	27,	24,	18
heights = 	20,	5,	17,	21,	9,	17,	24,	25,	30,	21
powers = 	49,	20,	47,	193,	187,	133,	143,	28,	92,	48
target_reward = 0
connections = 0,	0,	1024,	0,	0,	0,	0,	0,	0,	128;
			0,	0,	0,	512,	0,	128,	1024,	0,	0,	512;
			1024,	0,	0,	0,	512,	0,	0,	0,	0,	512;
			0,	512,	0,	0,	0,	0,	0,	0,	0,	0;
			0,	0,	512,	0,	0,	1024,	0,	0,	0,	0;
			0,	128,	0,	0,	1024,	0,	512,	256,	0,	0;
			0,	1024,	0,	0,	0,	512,	0,	128,	256,	0;
			0,	0,	0,	0,	0,	256,	128,	0,	256,	512;
			0,	0,	0,	0,	0,	0,	256,	256,	0,	256;
			128,	512,	512,	0,	0,	0,	0,	512,	256,	0
u =  0, 0, 1, 1, 1, 1, 2, 2, 2, 3, 4, 4, 5, 5, 5, 5, 6, 6, 6, 6, 7, 7, 7, 7, 8, 8, 8, 9, 9, 9, 9, 9
v =  2, 9, 3, 5, 6, 9, 0, 4, 9, 1, 2, 5, 1, 4, 6, 7, 1, 5, 7, 8, 5, 6, 8, 9, 6, 7, 9, 0, 1, 2, 7, 8
e =  1024, 128, 512, 128, 1024, 512, 1024, 512, 512, 512, 512, 1024, 128, 1024, 512, 256, 1024, 512, 128, 256, 256, 128, 256, 512, 256, 256, 256, 128, 512, 512, 512, 256
x = 0,0,0,0,0,0,0,0,0,0
y = 0,0,0,0,0,0,0,0,0,0
