[general]
path = outputs/system/

[chiplets]
chiplet_count = 8
widths = 	22,	21,	18,	10,	24,	6,	22,	28
heights = 	22,	18,	18,	11,	25,	7,	19,	29
powers = 	118,	174,	100,	8,	15,	2,	133,	56
target_reward = 0
connections = 0,	0,	0,	512,	128,	0,	0,	0;
			0,	0,	1024,	0,	128,	128,	0,	512;
			0,	1024,	0,	128,	256,	1024,	0,	0;
			512,	0,	128,	0,	512,	128,	0,	0;
			128,	128,	256,	512,	0,	1024,	256,	1024;
			0,	128,	1024,	128,	1024,	0,	0,	0;
			0,	0,	0,	0,	256,	0,	0,	1024;
			0,	512,	0,	0,	1024,	0,	1024,	0
u =  0, 0, 1, 1, 1, 1, 2, 2, 2, 2, 3, 3, 3, 3, 4, 4, 4, 4, 4, 4, 4, 5, 5, 5, 5, 6, 6, 7, 7, 7
v =  3, 4, 2, 4, 5, 7, 1, 3, 4, 5, 0, 2, 4, 5, 0, 1, 2, 3, 5, 6, 7, 1, 2, 3, 4, 4, 7, 1, 4, 6
e =  512, 128, 1024, 128, 128, 512, 1024, 128, 256, 1024, 512, 128, 512, 128, 128, 128, 256, 512, 1024, 256, 1024, 128, 1024, 128, 1024, 256, 1024, 512, 1024, 1024
x = 0,0,0,0,0,0,0,0
y = 0,0,0,0,0,0,0,0
