[general]
path = outputs/system/

[chiplets]
chiplet_count = 9
widths = 	23,	24,	22,	25,	28,	10,	25,	14,	18
heights = 	23,	27,	21,	20,	24,	8,	30,	17,	20
powers = 	41,	178,	144,	58,	158,	161,	102,	113,	117
target_reward = 0
connections = 0,	256,	256,	0,	128,	0,	512,	128,	512;
			256,	0,	128,	512,	0,	0,	0,	256,	0;
			256,	128,	0,	0,	0,	128,	0,	512,	256;
			0,	512,	0,	0,	0,	0,	0,	128,	512;
			128,	0,	0,	0,	0,	1024,	128,	0,	0;
			0,	0,	128,	0,	1024,	0,	0,	0,	0;
			512,	0,	0,	0,	128,	0,	0,	1024,	256;
			128,	256,	512,	128,	0,	0,	1024,	0,	256;
			512,	0,	256,	512,	0,	0,	256,	256,	0
u =  0, 0, 0, 0, 0, 0, 1, 1, 1, 1, 2, 2, 2, 2, 2, 3, 3, 3, 4, 4, 4, 5, 5, 6, 6, 6, 6, 7, 7, 7, 7, 7, 7, 8, 8, 8, 8, 8
v =  1, 2, 4, 6, 7, 8, 0, 2, 3, 7, 0, 1, 5, 7, 8, 1, 7, 8, 0, 5, 6, 2, 4, 0, 4, 7, 8, 0, 1, 2, 3, 6, 8, 0, 2, 3, 6, 7
e =  256, 256, 128, 512, 128, 512, 256, 128, 512, 256, 256, 128, 128, 512, 256, 512, 128, 512, 128, 1024, 128, 128, 1024, 512, 128, 1024, 256, 128, 256, 512, 128, 1024, 256, 512, 256, 512, 256, 256
x = 0,0,0,0,0,0,0,0,0
y = 0,0,0,0,0,0,0,0,0
