[general]
path = outputs/system/

[chiplets]
chiplet_count = 8
widths = 	24,	20,	13,	10,	21,	16,	20,	6
heights = 	21,	16,	13,	9,	19,	14,	22,	7
powers = 	121,	28,	7,	82,	111,	114,	126,	184
target_reward = 0
connections = 0,	0,	0,	0,	0,	0,	256,	256;
			0,	0,	0,	0,	0,	0,	128,	0;
			0,	0,	0,	0,	0,	0,	1024,	128;
			0,	0,	0,	0,	0,	256,	0,	512;
			0,	0,	0,	0,	0,	1024,	1024,	0;
			0,	0,	0,	256,	1024,	0,	256,	128;
			256,	128,	1024,	0,	1024,	256,	0,	512;
			256,	0,	128,	512,	0,	128,	512,	0
u =  0, 0, 1, 2, 2, 3, 3, 4, 4, 5, 5, 5, 5, 6, 6, 6, 6, 6, 6, 7, 7, 7, 7, 7
v =  6, 7, 6, 6, 7, 5, 7, 5, 6, 3, 4, 6, 7, 0, 1, 2, 4, 5, 7, 0, 2, 3, 5, 6
e =  256, 256, 128, 1024, 128, 256, 512, 1024, 1024, 256, 1024, 256, 128, 256, 128, 1024, 1024, 256, 512, 256, 128, 512, 128, 512
x = 0,0,0,0,0,0,0,0
y = 0,0,0,0,0,0,0,0
