[general]
path = outputs/system/

[chiplets]
chiplet_count = 6
widths = 	25,	17,	23,	25,	9,	27
heights = 	23,	21,	27,	23,	9,	22
powers = 	138,	28,	44,	37,	106,	24
target_reward = 0
connections = 0,	0,	512,	256,	0,	256;
			0,	0,	128,	256,	128,	256;
			512,	128,	0,	128,	256,	1024;
			256,	256,	128,	0,	128,	0;
			0,	128,	256,	128,	0,	128;
			256,	256,	1024,	0,	128,	0
u =  0, 0, 0, 1, 1, 1, 1, 2, 2, 2, 2, 2, 3, 3, 3, 3, 4, 4, 4, 4, 5, 5, 5, 5
v =  2, 3, 5, 2, 3, 4, 5, 0, 1, 3, 4, 5, 0, 1, 2, 4, 1, 2, 3, 5, 0, 1, 2, 4
e =  512, 256, 256, 128, 256, 128, 256, 512, 128, 128, 256, 1024, 256, 256, 128, 128, 128, 256, 128, 128, 256, 256, 1024, 128
x = 0,0,0,0,0,0
y = 0,0,0,0,0,0
