[general]
path = outputs/system/

[chiplets]
chiplet_count = 7
widths = 	27,	25,	15,	19,	12,	10,	25
heights = 	23,	27,	12,	18,	11,	8,	22
powers = 	172,	137,	94,	94,	168,	25,	149
target_reward = 0
connections = 0,	128,	256,	0,	0,	0,	0;
			128,	0,	256,	128,	512,	512,	1024;
			256,	256,	0,	0,	0,	1024,	0;
			0,	128,	0,	0,	0,	0,	512;
			0,	512,	0,	0,	0,	128,	512;
			0,	512,	1024,	0,	128,	0,	512;
			0,	1024,	0,	512,	512,	512,	0
u =  0, 0, 1, 1, 1, 1, 1, 1, 2, 2, 2, 3, 3, 4, 4, 4, 5, 5, 5, 5, 6, 6, 6, 6
v =  1, 2, 0, 2, 3, 4, 5, 6, 0, 1, 5, 1, 6, 1, 5, 6, 1, 2, 4, 6, 1, 3, 4, 5
e =  128, 256, 128, 256, 128, 512, 512, 1024, 256, 256, 1024, 128, 512, 512, 128, 512, 512, 1024, 128, 512, 1024, 512, 512, 512
x = 0,0,0,0,0,0,0
y = 0,0,0,0,0,0,0
