[general]
path = outputs/system/

[chiplets]
chiplet_count = 10
widths = 	20,	30,	26,	25,	10,	21,	16,	11,	25,	20
heights = 	24,	24,	25,	29,	10,	23,	14,	12,	26,	20
powers = 	90,	161,	169,	9,	126,	172,	151,	54,	32,	134
target_reward = 0
connections = 0,	0,	0,	256,	0,	0,	256,	0,	0,	0;
			0,	0,	0,	256,	0,	0,	128,	128,	128,	0;
			0,	0,	0,	256,	0,	0,	1024,	0,	0,	0;
			256,	256,	256,	0,	0,	0,	0,	0,	0,	0;
			0,	0,	0,	0,	0,	256,	512,	0,	256,	256;
			0,	0,	0,	0,	256,	0,	1024,	128,	0,	0;
			256,	128,	1024,	0,	512,	1024,	0,	1024,	512,	0;
			0,	128,	0,	0,	0,	128,	1024,	0,	0,	0;
			0,	128,	0,	0,	256,	0,	512,	0,	0,	0;
			0,	0,	0,	0,	256,	0,	0,	0,	0,	0
u =  0, 0, 1, 1, 1, 1, 2, 2, 3, 3, 3, 4, 4, 4, 4, 5, 5, 5, 6, 6, 6, 6, 6, 6, 6, 7, 7, 7, 8, 8, 8, 9
v =  3, 6, 3, 6, 7, 8, 3, 6, 0, 1, 2, 5, 6, 8, 9, 4, 6, 7, 0, 1, 2, 4, 5, 7, 8, 1, 5, 6, 1, 4, 6, 4
e =  256, 256, 256, 128, 128, 128, 256, 1024, 256, 256, 256, 256, 512, 256, 256, 256, 1024, 128, 256, 128, 1024, 512, 1024, 1024, 512, 128, 128, 1024, 128, 256, 512, 256
x = 0,0,0,0,0,0,0,0,0,0
y = 0,0,0,0,0,0,0,0,0,0
