[general]
path = outputs/system/

[chiplets]
chiplet_count = 9
widths = 	19,	15,	12,	7,	18,	11,	12,	19,	26
heights = 	16,	13,	13,	6,	22,	13,	10,	18,	30
powers = 	25,	182,	53,	139,	132,	44,	23,	75,	55
target_reward = 0
connections = 0,	128,	256,	0,	0,	0,	512,	0,	0;
			128,	0,	0,	0,	0,	0,	0,	512,	512;
			256,	0,	0,	128,	512,	0,	0,	1024,	0;
			0,	0,	128,	0,	1024,	0,	0,	0,	0;
			0,	0,	512,	1024,	0,	512,	512,	1024,	256;
			0,	0,	0,	0,	512,	0,	256,	0,	512;
			512,	0,	0,	0,	512,	256,	0,	1024,	0;
			0,	512,	1024,	0,	1024,	0,	1024,	0,	1024;
			0,	512,	0,	0,	256,	512,	0,	1024,	0
u =  0, 0, 0, 1, 1, 1, 2, 2, 2, 2, 3, 3, 4, 4, 4, 4, 4, 4, 5, 5, 5, 6, 6, 6, 6, 7, 7, 7, 7, 7, 8, 8, 8, 8
v =  1, 2, 6, 0, 7, 8, 0, 3, 4, 7, 2, 4, 2, 3, 5, 6, 7, 8, 4, 6, 8, 0, 4, 5, 7, 1, 2, 4, 6, 8, 1, 4, 5, 7
e =  128, 256, 512, 128, 512, 512, 256, 128, 512, 1024, 128, 1024, 512, 1024, 512, 512, 1024, 256, 512, 256, 512, 512, 512, 256, 1024, 512, 1024, 1024, 1024, 1024, 512, 256, 512, 1024
x = 0,0,0,0,0,0,0,0,0
y = 0,0,0,0,0,0,0,0,0
