[general]
path = outputs/system/

[chiplets]
chiplet_count = 10
widths = 	18,	24,	29,	30,	14,	24,	19,	27,	19,	24
heights = 	15,	29,	28,	26,	12,	26,	22,	23,	17,	20
powers = 	52,	42,	91,	50,	25,	48,	95,	169,	150,	62
target_reward = 0
connections = 0,	256,	0,	0,	0,	256,	0,	0,	512,	512;
			256,	0,	0,	0,	0,	0,	0,	512,	128,	0;
			0,	0,	0,	0,	512,	0,	1024,	512,	0,	0;
			0,	0,	0,	0,	256,	0,	0,	0,	1024,	0;
			0,	0,	512,	256,	0,	0,	512,	1024,	0,	0;
			256,	0,	0,	0,	0,	0,	128,	0,	0,	512;
			0,	0,	1024,	0,	512,	128,	0,	1024,	512,	0;
			0,	512,	512,	0,	1024,	0,	1024,	0,	0,	0;
			512,	128,	0,	1024,	0,	0,	512,	0,	0,	0;
			512,	0,	0,	0,	0,	512,	0,	0,	0,	0
u =  0, 0, 0, 0, 1, 1, 1, 2, 2, 2, 3, 3, 4, 4, 4, 4, 5, 5, 5, 6, 6, 6, 6, 6, 7, 7, 7, 7, 8, 8, 8, 8, 9, 9
v =  1, 5, 8, 9, 0, 7, 8, 4, 6, 7, 4, 8, 2, 3, 6, 7, 0, 6, 9, 2, 4, 5, 7, 8, 1, 2, 4, 6, 0, 1, 3, 6, 0, 5
e =  256, 256, 512, 512, 256, 512, 128, 512, 1024, 512, 256, 1024, 512, 256, 512, 1024, 256, 128, 512, 1024, 512, 128, 1024, 512, 512, 512, 1024, 1024, 512, 128, 1024, 512, 512, 512
x = 0,0,0,0,0,0,0,0,0,0
y = 0,0,0,0,0,0,0,0,0,0
