[general]
path = outputs/system/

[chiplets]
chiplet_count = 9
widths = 	12,	24,	13,	10,	19,	28,	20,	17,	23
heights = 	15,	29,	12,	9,	16,	28,	21,	18,	28
powers = 	105,	121,	164,	176,	180,	29,	42,	104,	79
target_reward = 0
connections = 0,	256,	128,	0,	0,	0,	256,	0,	0;
			256,	0,	128,	512,	256,	256,	128,	0,	128;
			128,	128,	0,	128,	1024,	512,	0,	128,	0;
			0,	512,	128,	0,	128,	1024,	0,	0,	0;
			0,	256,	1024,	128,	0,	0,	0,	0,	1024;
			0,	256,	512,	1024,	0,	0,	0,	0,	0;
			256,	128,	0,	0,	0,	0,	0,	256,	0;
			0,	0,	128,	0,	0,	0,	256,	0,	128;
			0,	128,	0,	0,	1024,	0,	0,	128,	0
u =  0, 0, 0, 1, 1, 1, 1, 1, 1, 1, 2, 2, 2, 2, 2, 2, 3, 3, 3, 3, 4, 4, 4, 4, 5, 5, 5, 6, 6, 6, 7, 7, 7, 8, 8, 8
v =  1, 2, 6, 0, 2, 3, 4, 5, 6, 8, 0, 1, 3, 4, 5, 7, 1, 2, 4, 5, 1, 2, 3, 8, 1, 2, 3, 0, 1, 7, 2, 6, 8, 1, 4, 7
e =  256, 128, 256, 256, 128, 512, 256, 256, 128, 128, 128, 128, 128, 1024, 512, 128, 512, 128, 128, 1024, 256, 1024, 128, 1024, 256, 512, 1024, 256, 128, 256, 128, 256, 128, 128, 1024, 128
x = 0,0,0,0,0,0,0,0,0
y = 0,0,0,0,0,0,0,0,0
