[general]
path = outputs/system/

[chiplets]
chiplet_count = 11
widths = 	22,	19,	19,	23,	16,	26,	24,	12,	21,	18,	25
heights = 	24,	22,	21,	21,	16,	24,	22,	15,	24,	20,	24
powers = 	71,	56,	47,	69,	20,	105,	147,	68,	103,	100,	152
target_reward = 0
connections = 0,	0,	0,	0,	512,	0,	0,	0,	0,	0,	0;
			0,	0,	0,	128,	1024,	0,	256,	0,	0,	0,	256;
			0,	0,	0,	128,	0,	0,	0,	0,	0,	0,	0;
			0,	128,	128,	0,	0,	128,	0,	256,	0,	0,	0;
			512,	1024,	0,	0,	0,	0,	1024,	0,	0,	0,	0;
			0,	0,	0,	128,	0,	0,	0,	0,	1024,	256,	0;
			0,	256,	0,	0,	1024,	0,	0,	1024,	256,	512,	512;
			0,	0,	0,	256,	0,	0,	1024,	0,	512,	512,	0;
			0,	0,	0,	0,	0,	1024,	256,	512,	0,	128,	1024;
			0,	0,	0,	0,	0,	256,	512,	512,	128,	0,	0;
			0,	256,	0,	0,	0,	0,	512,	0,	1024,	0,	0
u =  0, 1, 1, 1, 1, 2, 3, 3, 3, 3, 4, 4, 4, 5, 5, 5, 6, 6, 6, 6, 6, 6, 7, 7, 7, 7, 8, 8, 8, 8, 8, 9, 9, 9, 9, 10, 10, 10
v =  4, 3, 4, 6, 10, 3, 1, 2, 5, 7, 0, 1, 6, 3, 8, 9, 1, 4, 7, 8, 9, 10, 3, 6, 8, 9, 5, 6, 7, 9, 10, 5, 6, 7, 8, 1, 6, 8
e =  512, 128, 1024, 256, 256, 128, 128, 128, 128, 256, 512, 1024, 1024, 128, 1024, 256, 256, 1024, 1024, 256, 512, 512, 256, 1024, 512, 512, 1024, 256, 512, 128, 1024, 256, 512, 512, 128, 256, 512, 1024
x = 0,0,0,0,0,0,0,0,0,0,0
y = 0,0,0,0,0,0,0,0,0,0,0
