[general]
path = outputs/system/

[chiplets]
chiplet_count = 10
widths = 	25,	19,	17,	18,	10,	23,	6,	20,	14,	17
heights = 	20,	19,	18,	17,	10,	28,	7,	19,	12,	15
powers = 	66,	56,	100,	128,	147,	43,	187,	56,	82,	196
target_reward = 0
connections = 0,	0,	0,	0,	1024,	256,	128,	0,	0,	0;
			0,	0,	1024,	0,	0,	1024,	0,	0,	0,	0;
			0,	1024,	0,	256,	512,	0,	1024,	1024,	1024,	0;
			0,	0,	256,	0,	512,	128,	0,	0,	0,	1024;
			1024,	0,	512,	512,	0,	0,	1024,	0,	0,	0;
			256,	1024,	0,	128,	0,	0,	0,	0,	0,	512;
			128,	0,	1024,	0,	1024,	0,	0,	0,	0,	0;
			0,	0,	1024,	0,	0,	0,	0,	0,	128,	1024;
			0,	0,	1024,	0,	0,	0,	0,	128,	0,	256;
			0,	0,	0,	1024,	0,	512,	0,	1024,	256,	0
u =  0, 0, 0, 1, 1, 2, 2, 2, 2, 2, 2, 3, 3, 3, 3, 4, 4, 4, 4, 5, 5, 5, 5, 6, 6, 6, 7, 7, 7, 8, 8, 8, 9, 9, 9, 9
v =  4, 5, 6, 2, 5, 1, 3, 4, 6, 7, 8, 2, 4, 5, 9, 0, 2, 3, 6, 0, 1, 3, 9, 0, 2, 4, 2, 8, 9, 2, 7, 9, 3, 5, 7, 8
e =  1024, 256, 128, 1024, 1024, 1024, 256, 512, 1024, 1024, 1024, 256, 512, 128, 1024, 1024, 512, 512, 1024, 256, 1024, 128, 512, 128, 1024, 1024, 1024, 128, 1024, 1024, 128, 256, 1024, 512, 1024, 256
x = 0,0,0,0,0,0,0,0,0,0
y = 0,0,0,0,0,0,0,0,0,0
