[general]
path = outputs/system/

[chiplets]
chiplet_count = 7
widths = 	21,	28,	23,	10,	20,	9,	22
heights = 	19,	30,	27,	12,	19,	11,	27
powers = 	1,	105,	93,	35,	58,	69,	55
target_reward = 0
connections = 0,	0,	0,	256,	1024,	0,	0;
			0,	0,	1024,	1024,	1024,	1024,	128;
			0,	1024,	0,	512,	1024,	0,	0;
			256,	1024,	512,	0,	128,	512,	256;
			1024,	1024,	1024,	128,	0,	0,	0;
			0,	1024,	0,	512,	0,	0,	0;
			0,	128,	0,	256,	0,	0,	0
u =  0, 0, 1, 1, 1, 1, 1, 2, 2, 2, 3, 3, 3, 3, 3, 3, 4, 4, 4, 4, 5, 5, 6, 6
v =  3, 4, 2, 3, 4, 5, 6, 1, 3, 4, 0, 1, 2, 4, 5, 6, 0, 1, 2, 3, 1, 3, 1, 3
e =  256, 1024, 1024, 1024, 1024, 1024, 128, 1024, 512, 1024, 256, 1024, 512, 128, 512, 256, 1024, 1024, 1024, 128, 1024, 512, 128, 256
x = 0,0,0,0,0,0,0
y = 0,0,0,0,0,0,0
