[general]
path = outputs/system/

[chiplets]
chiplet_count = 8
widths = 	5,	23,	25,	30,	25,	30,	12,	25
heights = 	5,	27,	21,	28,	21,	24,	10,	25
powers = 	40,	26,	105,	128,	147,	162,	150,	127
target_reward = 0
connections = 0,	0,	0,	0,	256,	128,	512,	0;
			0,	0,	128,	1024,	256,	256,	512,	512;
			0,	128,	0,	128,	0,	0,	0,	0;
			0,	1024,	128,	0,	0,	256,	256,	0;
			256,	256,	0,	0,	0,	128,	512,	0;
			128,	256,	0,	256,	128,	0,	512,	0;
			512,	512,	0,	256,	512,	512,	0,	256;
			0,	512,	0,	0,	0,	0,	256,	0
u =  0, 0, 0, 1, 1, 1, 1, 1, 1, 2, 2, 3, 3, 3, 3, 4, 4, 4, 4, 5, 5, 5, 5, 5, 6, 6, 6, 6, 6, 6, 7, 7
v =  4, 5, 6, 2, 3, 4, 5, 6, 7, 1, 3, 1, 2, 5, 6, 0, 1, 5, 6, 0, 1, 3, 4, 6, 0, 1, 3, 4, 5, 7, 1, 6
e =  256, 128, 512, 128, 1024, 256, 256, 512, 512, 128, 128, 1024, 128, 256, 256, 256, 256, 128, 512, 128, 256, 256, 128, 512, 512, 512, 256, 512, 512, 256, 512, 256
x = 0,0,0,0,0,0,0,0
y = 0,0,0,0,0,0,0,0
