[general]
path = outputs/system/

[chiplets]
chiplet_count = 9
widths = 	24,	9,	24,	28,	10,	17,	21,	21,	27
heights = 	29,	10,	27,	29,	12,	14,	24,	17,	29
powers = 	167,	164,	33,	84,	153,	151,	117,	149,	140
target_reward = 0
connections = 0,	256,	256,	0,	1024,	256,	0,	0,	256;
			256,	0,	128,	0,	128,	256,	512,	0,	256;
			256,	128,	0,	0,	0,	0,	0,	1024,	512;
			0,	0,	0,	0,	0,	0,	256,	0,	0;
			1024,	128,	0,	0,	0,	512,	256,	0,	0;
			256,	256,	0,	0,	512,	0,	512,	0,	128;
			0,	512,	0,	256,	256,	512,	0,	0,	128;
			0,	0,	1024,	0,	0,	0,	0,	0,	512;
			256,	256,	512,	0,	0,	128,	128,	512,	0
u =  0, 0, 0, 0, 0, 1, 1, 1, 1, 1, 1, 2, 2, 2, 2, 3, 4, 4, 4, 4, 5, 5, 5, 5, 5, 6, 6, 6, 6, 6, 7, 7, 8, 8, 8, 8, 8, 8
v =  1, 2, 4, 5, 8, 0, 2, 4, 5, 6, 8, 0, 1, 7, 8, 6, 0, 1, 5, 6, 0, 1, 4, 6, 8, 1, 3, 4, 5, 8, 2, 8, 0, 1, 2, 5, 6, 7
e =  256, 256, 1024, 256, 256, 256, 128, 128, 256, 512, 256, 256, 128, 1024, 512, 256, 1024, 128, 512, 256, 256, 256, 512, 512, 128, 512, 256, 256, 512, 128, 1024, 512, 256, 256, 512, 128, 128, 512
x = 0,0,0,0,0,0,0,0,0
y = 0,0,0,0,0,0,0,0,0
