[general]
path = outputs/system/

[chiplets]
chiplet_count = 8
widths = 	26,	22,	14,	19,	11,	22,	20,	14
heights = 	30,	18,	17,	20,	11,	19,	23,	17
powers = 	137,	158,	117,	46,	1,	54,	2,	74
target_reward = 0
connections = 0,	0,	0,	1024,	256,	128,	0,	128;
			0,	0,	0,	0,	256,	0,	0,	128;
			0,	0,	0,	128,	0,	0,	512,	256;
			1024,	0,	128,	0,	0,	1024,	0,	128;
			256,	256,	0,	0,	0,	256,	256,	0;
			128,	0,	0,	1024,	256,	0,	128,	512;
			0,	0,	512,	0,	256,	128,	0,	256;
			128,	128,	256,	128,	0,	512,	256,	0
u =  0, 0, 0, 0, 1, 1, 2, 2, 2, 3, 3, 3, 3, 4, 4, 4, 4, 5, 5, 5, 5, 5, 6, 6, 6, 6, 7, 7, 7, 7, 7, 7
v =  3, 4, 5, 7, 4, 7, 3, 6, 7, 0, 2, 5, 7, 0, 1, 5, 6, 0, 3, 4, 6, 7, 2, 4, 5, 7, 0, 1, 2, 3, 5, 6
e =  1024, 256, 128, 128, 256, 128, 128, 512, 256, 1024, 128, 1024, 128, 256, 256, 256, 256, 128, 1024, 256, 128, 512, 512, 256, 128, 256, 128, 128, 256, 128, 512, 256
x = 0,0,0,0,0,0,0,0
y = 0,0,0,0,0,0,0,0
