[general]
path = outputs/system/

[chiplets]
chiplet_count = 8
widths = 	10,	22,	23,	12,	16,	15,	21,	26
heights = 	8,	26,	26,	12,	13,	17,	24,	27
powers = 	73,	53,	94,	86,	38,	87,	28,	41
target_reward = 0
connections = 0,	128,	256,	512,	0,	0,	0,	0;
			128,	0,	0,	0,	0,	0,	256,	128;
			256,	0,	0,	1024,	512,	0,	0,	128;
			512,	0,	1024,	0,	512,	256,	128,	0;
			0,	0,	512,	512,	0,	1024,	0,	0;
			0,	0,	0,	256,	1024,	0,	0,	0;
			0,	256,	0,	128,	0,	0,	0,	512;
			0,	128,	128,	0,	0,	0,	512,	0
u =  0, 0, 0, 1, 1, 1, 2, 2, 2, 2, 3, 3, 3, 3, 3, 4, 4, 4, 5, 5, 6, 6, 6, 7, 7, 7
v =  1, 2, 3, 0, 6, 7, 0, 3, 4, 7, 0, 2, 4, 5, 6, 2, 3, 5, 3, 4, 1, 3, 7, 1, 2, 6
e =  128, 256, 512, 128, 256, 128, 256, 1024, 512, 128, 512, 1024, 512, 256, 128, 512, 512, 1024, 256, 1024, 256, 128, 512, 128, 128, 512
x = 0,0,0,0,0,0,0,0
y = 0,0,0,0,0,0,0,0
