[general]
path = outputs/system/

[chiplets]
chiplet_count = 9
widths = 	25,	26,	18,	30,	28,	25,	12,	18,	23
heights = 	25,	29,	17,	30,	23,	24,	10,	19,	24
powers = 	66,	52,	93,	53,	59,	149,	62,	114,	102
target_reward = 0
connections = 0,	128,	0,	0,	256,	1024,	0,	0,	0;
			128,	0,	256,	0,	128,	0,	256,	0,	0;
			0,	256,	0,	0,	256,	0,	512,	0,	0;
			0,	0,	0,	0,	1024,	512,	0,	0,	0;
			256,	128,	256,	1024,	0,	512,	0,	128,	0;
			1024,	0,	0,	512,	512,	0,	128,	1024,	256;
			0,	256,	512,	0,	0,	128,	0,	1024,	256;
			0,	0,	0,	0,	128,	1024,	1024,	0,	128;
			0,	0,	0,	0,	0,	256,	256,	128,	0
u =  0, 0, 0, 1, 1, 1, 1, 2, 2, 2, 3, 3, 4, 4, 4, 4, 4, 4, 5, 5, 5, 5, 5, 5, 6, 6, 6, 6, 6, 7, 7, 7, 7, 8, 8, 8
v =  1, 4, 5, 0, 2, 4, 6, 1, 4, 6, 4, 5, 0, 1, 2, 3, 5, 7, 0, 3, 4, 6, 7, 8, 1, 2, 5, 7, 8, 4, 5, 6, 8, 5, 6, 7
e =  128, 256, 1024, 128, 256, 128, 256, 256, 256, 512, 1024, 512, 256, 128, 256, 1024, 512, 128, 1024, 512, 512, 128, 1024, 256, 256, 512, 128, 1024, 256, 128, 1024, 1024, 128, 256, 256, 128
x = 0,0,0,0,0,0,0,0,0
y = 0,0,0,0,0,0,0,0,0
