[general]
path = outputs/system/

[chiplets]
chiplet_count = 10
widths = 	13,	23,	21,	16,	14,	27,	15,	3,	21,	30
heights = 	12,	26,	21,	19,	17,	29,	17,	3,	22,	27
powers = 	62,	77,	191,	111,	59,	2,	123,	119,	21,	161
target_reward = 0
connections = 0,	256,	128,	256,	0,	0,	1024,	0,	128,	0;
			256,	0,	1024,	0,	0,	256,	0,	0,	512,	0;
			128,	1024,	0,	0,	512,	0,	256,	512,	0,	0;
			256,	0,	0,	0,	0,	0,	128,	0,	0,	0;
			0,	0,	512,	0,	0,	128,	128,	256,	0,	0;
			0,	256,	0,	0,	128,	0,	0,	0,	0,	0;
			1024,	0,	256,	128,	128,	0,	0,	1024,	0,	0;
			0,	0,	512,	0,	256,	0,	1024,	0,	1024,	128;
			128,	512,	0,	0,	0,	0,	0,	1024,	0,	128;
			0,	0,	0,	0,	0,	0,	0,	128,	128,	0
u =  0, 0, 0, 0, 0, 1, 1, 1, 1, 2, 2, 2, 2, 2, 3, 3, 4, 4, 4, 4, 5, 5, 6, 6, 6, 6, 6, 7, 7, 7, 7, 7, 8, 8, 8, 8, 9, 9
v =  1, 2, 3, 6, 8, 0, 2, 5, 8, 0, 1, 4, 6, 7, 0, 6, 2, 5, 6, 7, 1, 4, 0, 2, 3, 4, 7, 2, 4, 6, 8, 9, 0, 1, 7, 9, 7, 8
e =  256, 128, 256, 1024, 128, 256, 1024, 256, 512, 128, 1024, 512, 256, 512, 256, 128, 512, 128, 128, 256, 256, 128, 1024, 256, 128, 128, 1024, 512, 256, 1024, 1024, 128, 128, 512, 1024, 128, 128, 128
x = 0,0,0,0,0,0,0,0,0,0
y = 0,0,0,0,0,0,0,0,0,0
