[general]
path = outputs/system/

[chiplets]
chiplet_count = 7
widths = 	10,	20,	19,	13,	25,	20,	26
heights = 	10,	19,	19,	15,	27,	24,	22
powers = 	54,	135,	122,	70,	195,	130,	81
target_reward = 0
connections = 0,	128,	128,	0,	0,	512,	256;
			128,	0,	512,	1024,	1024,	512,	0;
			128,	512,	0,	1024,	1024,	0,	0;
			0,	1024,	1024,	0,	0,	128,	0;
			0,	1024,	1024,	0,	0,	1024,	128;
			512,	512,	0,	128,	1024,	0,	0;
			256,	0,	0,	0,	128,	0,	0
u =  0, 0, 0, 0, 1, 1, 1, 1, 1, 2, 2, 2, 2, 3, 3, 3, 4, 4, 4, 4, 5, 5, 5, 5, 6, 6
v =  1, 2, 5, 6, 0, 2, 3, 4, 5, 0, 1, 3, 4, 1, 2, 5, 1, 2, 5, 6, 0, 1, 3, 4, 0, 4
e =  128, 128, 512, 256, 128, 512, 1024, 1024, 512, 128, 512, 1024, 1024, 1024, 1024, 128, 1024, 1024, 1024, 128, 512, 512, 128, 1024, 256, 128
x = 0,0,0,0,0,0,0
y = 0,0,0,0,0,0,0
