[general]
path = outputs/system/

[chiplets]
chiplet_count = 8
widths = 	16,	8,	28,	28,	9,	15,	18,	12
heights = 	13,	8,	28,	27,	8,	17,	15,	12
powers = 	62,	110,	153,	147,	18,	177,	93,	28
target_reward = 0
connections = 0,	0,	512,	1024,	512,	0,	512,	0;
			0,	0,	0,	0,	0,	128,	0,	512;
			512,	0,	0,	0,	1024,	1024,	0,	128;
			1024,	0,	0,	0,	256,	1024,	0,	0;
			512,	0,	1024,	256,	0,	128,	512,	0;
			0,	128,	1024,	1024,	128,	0,	256,	0;
			512,	0,	0,	0,	512,	256,	0,	256;
			0,	512,	128,	0,	0,	0,	256,	0
u =  0, 0, 0, 0, 1, 1, 2, 2, 2, 2, 3, 3, 3, 4, 4, 4, 4, 4, 5, 5, 5, 5, 5, 6, 6, 6, 6, 7, 7, 7
v =  2, 3, 4, 6, 5, 7, 0, 4, 5, 7, 0, 4, 5, 0, 2, 3, 5, 6, 1, 2, 3, 4, 6, 0, 4, 5, 7, 1, 2, 6
e =  512, 1024, 512, 512, 128, 512, 512, 1024, 1024, 128, 1024, 256, 1024, 512, 1024, 256, 128, 512, 128, 1024, 1024, 128, 256, 512, 512, 256, 256, 512, 128, 256
x = 0,0,0,0,0,0,0,0
y = 0,0,0,0,0,0,0,0
