[general]
path = outputs/system/

[chiplets]
chiplet_count = 8
widths = 	22,	19,	27,	19,	5,	20,	24,	26
heights = 	19,	19,	27,	23,	4,	24,	20,	25
powers = 	41,	18,	125,	146,	22,	94,	112,	81
target_reward = 0
connections = 0,	0,	512,	0,	0,	0,	0,	0;
			0,	0,	1024,	128,	256,	1024,	1024,	0;
			512,	1024,	0,	1024,	0,	0,	512,	0;
			0,	128,	1024,	0,	1024,	128,	0,	0;
			0,	256,	0,	1024,	0,	512,	128,	512;
			0,	1024,	0,	128,	512,	0,	512,	0;
			0,	1024,	512,	0,	128,	512,	0,	256;
			0,	0,	0,	0,	512,	0,	256,	0
u =  0, 1, 1, 1, 1, 1, 2, 2, 2, 2, 3, 3, 3, 3, 4, 4, 4, 4, 4, 5, 5, 5, 5, 6, 6, 6, 6, 6, 7, 7
v =  2, 2, 3, 4, 5, 6, 0, 1, 3, 6, 1, 2, 4, 5, 1, 3, 5, 6, 7, 1, 3, 4, 6, 1, 2, 4, 5, 7, 4, 6
e =  512, 1024, 128, 256, 1024, 1024, 512, 1024, 1024, 512, 128, 1024, 1024, 128, 256, 1024, 512, 128, 512, 1024, 128, 512, 512, 1024, 512, 128, 512, 256, 512, 256
x = 0,0,0,0,0,0,0,0
y = 0,0,0,0,0,0,0,0
