[general]
path = outputs/system/

[chiplets]
chiplet_count = 7
widths = 	11,	24,	26,	28,	24,	23,	15
heights = 	13,	26,	23,	27,	23,	26,	18
powers = 	187,	89,	126,	198,	57,	91,	172
target_reward = 0
connections = 0,	256,	512,	0,	0,	0,	128;
			256,	0,	128,	0,	1024,	0,	0;
			512,	128,	0,	128,	1024,	1024,	0;
			0,	0,	128,	0,	1024,	512,	256;
			0,	1024,	1024,	1024,	0,	1024,	0;
			0,	0,	1024,	512,	1024,	0,	512;
			128,	0,	0,	256,	0,	512,	0
u =  0, 0, 0, 1, 1, 1, 2, 2, 2, 2, 2, 3, 3, 3, 3, 4, 4, 4, 4, 5, 5, 5, 5, 6, 6, 6
v =  1, 2, 6, 0, 2, 4, 0, 1, 3, 4, 5, 2, 4, 5, 6, 1, 2, 3, 5, 2, 3, 4, 6, 0, 3, 5
e =  256, 512, 128, 256, 128, 1024, 512, 128, 128, 1024, 1024, 128, 1024, 512, 256, 1024, 1024, 1024, 1024, 1024, 512, 1024, 512, 128, 256, 512
x = 0,0,0,0,0,0,0
y = 0,0,0,0,0,0,0
