[general]
path = outputs/system/

[chiplets]
chiplet_count = 10
widths = 	28,	25,	5,	14,	27,	30,	18,	17,	27,	25
heights = 	28,	25,	6,	16,	22,	30,	19,	21,	24,	25
powers = 	70,	104,	162,	157,	106,	117,	52,	101,	47,	4
target_reward = 0
connections = 0,	1024,	512,	0,	0,	0,	512,	0,	0,	0;
			1024,	0,	128,	512,	0,	1024,	0,	128,	256,	0;
			512,	128,	0,	1024,	0,	0,	0,	256,	0,	1024;
			0,	512,	1024,	0,	0,	0,	256,	0,	512,	0;
			0,	0,	0,	0,	0,	0,	1024,	0,	0,	0;
			0,	1024,	0,	0,	0,	0,	512,	256,	0,	0;
			512,	0,	0,	256,	1024,	512,	0,	128,	256,	0;
			0,	128,	256,	0,	0,	256,	128,	0,	512,	0;
			0,	256,	0,	512,	0,	0,	256,	512,	0,	256;
			0,	0,	1024,	0,	0,	0,	0,	0,	256,	0
u =  0, 0, 0, 1, 1, 1, 1, 1, 1, 2, 2, 2, 2, 2, 3, 3, 3, 3, 4, 5, 5, 5, 6, 6, 6, 6, 6, 6, 7, 7, 7, 7, 7, 8, 8, 8, 8, 8, 9, 9
v =  1, 2, 6, 0, 2, 3, 5, 7, 8, 0, 1, 3, 7, 9, 1, 2, 6, 8, 6, 1, 6, 7, 0, 3, 4, 5, 7, 8, 1, 2, 5, 6, 8, 1, 3, 6, 7, 9, 2, 8
e =  1024, 512, 512, 1024, 128, 512, 1024, 128, 256, 512, 128, 1024, 256, 1024, 512, 1024, 256, 512, 1024, 1024, 512, 256, 512, 256, 1024, 512, 128, 256, 128, 256, 256, 128, 512, 256, 512, 256, 512, 256, 1024, 256
x = 0,0,0,0,0,0,0,0,0,0
y = 0,0,0,0,0,0,0,0,0,0
