[general]
path = outputs/system/

[chiplets]
chiplet_count = 9
widths = 	29,	29,	20,	24,	18,	10,	21,	21,	13
heights = 	30,	29,	19,	24,	17,	9,	25,	24,	14
powers = 	32,	110,	196,	86,	193,	136,	161,	120,	65
target_reward = 0
connections = 0,	1024,	128,	0,	0,	0,	1024,	0,	0;
			1024,	0,	128,	0,	0,	128,	256,	256,	1024;
			128,	128,	0,	1024,	256,	512,	0,	0,	256;
			0,	0,	1024,	0,	256,	0,	0,	0,	0;
			0,	0,	256,	256,	0,	0,	0,	0,	512;
			0,	128,	512,	0,	0,	0,	256,	0,	1024;
			1024,	256,	0,	0,	0,	256,	0,	1024,	0;
			0,	256,	0,	0,	0,	0,	1024,	0,	128;
			0,	1024,	256,	0,	512,	1024,	0,	128,	0
u =  0, 0, 0, 1, 1, 1, 1, 1, 1, 2, 2, 2, 2, 2, 2, 3, 3, 4, 4, 4, 5, 5, 5, 5, 6, 6, 6, 6, 7, 7, 7, 8, 8, 8, 8, 8
v =  1, 2, 6, 0, 2, 5, 6, 7, 8, 0, 1, 3, 4, 5, 8, 2, 4, 2, 3, 8, 1, 2, 6, 8, 0, 1, 5, 7, 1, 6, 8, 1, 2, 4, 5, 7
e =  1024, 128, 1024, 1024, 128, 128, 256, 256, 1024, 128, 128, 1024, 256, 512, 256, 1024, 256, 256, 256, 512, 128, 512, 256, 1024, 1024, 256, 256, 1024, 256, 1024, 128, 1024, 256, 512, 1024, 128
x = 0,0,0,0,0,0,0,0,0
y = 0,0,0,0,0,0,0,0,0
