[general]
path = outputs/system/

[chiplets]
chiplet_count = 9
widths = 	25,	27,	17,	9,	25,	16,	23,	18,	18
heights = 	28,	27,	16,	9,	29,	18,	28,	15,	22
powers = 	149,	27,	17,	136,	187,	35,	68,	94,	50
target_reward = 0
connections = 0,	0,	256,	0,	0,	0,	0,	0,	1024;
			0,	0,	256,	512,	0,	0,	0,	0,	128;
			256,	256,	0,	512,	256,	0,	0,	128,	0;
			0,	512,	512,	0,	512,	1024,	0,	0,	0;
			0,	0,	256,	512,	0,	0,	0,	1024,	128;
			0,	0,	0,	1024,	0,	0,	128,	0,	512;
			0,	0,	0,	0,	0,	128,	0,	0,	0;
			0,	0,	128,	0,	1024,	0,	0,	0,	1024;
			1024,	128,	0,	0,	128,	512,	0,	1024,	0
u =  0, 0, 1, 1, 1, 2, 2, 2, 2, 2, 3, 3, 3, 3, 4, 4, 4, 4, 5, 5, 5, 6, 7, 7, 7, 8, 8, 8, 8, 8
v =  2, 8, 2, 3, 8, 0, 1, 3, 4, 7, 1, 2, 4, 5, 2, 3, 7, 8, 3, 6, 8, 5, 2, 4, 8, 0, 1, 4, 5, 7
e =  256, 1024, 256, 512, 128, 256, 256, 512, 256, 128, 512, 512, 512, 1024, 256, 512, 1024, 128, 1024, 128, 512, 128, 128, 1024, 1024, 1024, 128, 128, 512, 1024
x = 0,0,0,0,0,0,0,0,0
y = 0,0,0,0,0,0,0,0,0
