[general]
path = outputs/system/

[chiplets]
chiplet_count = 8
widths = 	25,	18,	17,	12,	23,	24,	30,	17
heights = 	23,	17,	20,	14,	26,	20,	28,	18
powers = 	147,	95,	160,	3,	71,	158,	109,	40
target_reward = 0
connections = 0,	256,	0,	0,	0,	0,	512,	1024;
			256,	0,	0,	0,	0,	0,	0,	512;
			0,	0,	0,	1024,	128,	0,	1024,	0;
			0,	0,	1024,	0,	128,	0,	1024,	0;
			0,	0,	128,	128,	0,	1024,	256,	1024;
			0,	0,	0,	0,	1024,	0,	128,	0;
			512,	0,	1024,	1024,	256,	128,	0,	512;
			1024,	512,	0,	0,	1024,	0,	512,	0
u =  0, 0, 0, 1, 1, 2, 2, 2, 3, 3, 3, 4, 4, 4, 4, 4, 5, 5, 6, 6, 6, 6, 6, 6, 7, 7, 7, 7
v =  1, 6, 7, 0, 7, 3, 4, 6, 2, 4, 6, 2, 3, 5, 6, 7, 4, 6, 0, 2, 3, 4, 5, 7, 0, 1, 4, 6
e =  256, 512, 1024, 256, 512, 1024, 128, 1024, 1024, 128, 1024, 128, 128, 1024, 256, 1024, 1024, 128, 512, 1024, 1024, 256, 128, 512, 1024, 512, 1024, 512
x = 0,0,0,0,0,0,0,0
y = 0,0,0,0,0,0,0,0
