[general]
path = outputs/system/

[chiplets]
chiplet_count = 9
widths = 	25,	23,	19,	19,	27,	21,	29,	21,	13
heights = 	23,	21,	22,	20,	22,	18,	28,	22,	14
powers = 	111,	148,	120,	122,	135,	26,	163,	96,	136
target_reward = 0
connections = 0,	256,	0,	1024,	0,	128,	512,	0,	0;
			256,	0,	0,	0,	512,	0,	0,	0,	0;
			0,	0,	0,	0,	256,	0,	512,	1024,	0;
			1024,	0,	0,	0,	1024,	512,	0,	0,	0;
			0,	512,	256,	1024,	0,	1024,	0,	1024,	0;
			128,	0,	0,	512,	1024,	0,	0,	0,	1024;
			512,	0,	512,	0,	0,	0,	0,	1024,	1024;
			0,	0,	1024,	0,	1024,	0,	1024,	0,	128;
			0,	0,	0,	0,	0,	1024,	1024,	128,	0
u =  0, 0, 0, 0, 1, 1, 2, 2, 2, 3, 3, 3, 4, 4, 4, 4, 4, 5, 5, 5, 5, 6, 6, 6, 6, 7, 7, 7, 7, 8, 8, 8
v =  1, 3, 5, 6, 0, 4, 4, 6, 7, 0, 4, 5, 1, 2, 3, 5, 7, 0, 3, 4, 8, 0, 2, 7, 8, 2, 4, 6, 8, 5, 6, 7
e =  256, 1024, 128, 512, 256, 512, 256, 512, 1024, 1024, 1024, 512, 512, 256, 1024, 1024, 1024, 128, 512, 1024, 1024, 512, 512, 1024, 1024, 1024, 1024, 1024, 128, 1024, 1024, 128
x = 0,0,0,0,0,0,0,0,0
y = 0,0,0,0,0,0,0,0,0
