[general]
path = outputs/system/

[chiplets]
chiplet_count = 7
widths = 	14,	27,	8,	18,	9,	10,	21
heights = 	13,	27,	10,	16,	11,	9,	22
powers = 	69,	118,	117,	166,	106,	154,	192
target_reward = 0
connections = 0,	1024,	1024,	512,	1024,	0,	0;
			1024,	0,	0,	0,	1024,	0,	1024;
			1024,	0,	0,	0,	1024,	512,	0;
			512,	0,	0,	0,	256,	256,	0;
			1024,	1024,	1024,	256,	0,	128,	128;
			0,	0,	512,	256,	128,	0,	1024;
			0,	1024,	0,	0,	128,	1024,	0
u =  0, 0, 0, 0, 1, 1, 1, 2, 2, 2, 3, 3, 3, 4, 4, 4, 4, 4, 4, 5, 5, 5, 5, 6, 6, 6
v =  1, 2, 3, 4, 0, 4, 6, 0, 4, 5, 0, 4, 5, 0, 1, 2, 3, 5, 6, 2, 3, 4, 6, 1, 4, 5
e =  1024, 1024, 512, 1024, 1024, 1024, 1024, 1024, 1024, 512, 512, 256, 256, 1024, 1024, 1024, 256, 128, 128, 512, 256, 128, 1024, 1024, 128, 1024
x = 0,0,0,0,0,0,0
y = 0,0,0,0,0,0,0
