[general]
path = outputs/system/

[chiplets]
chiplet_count = 11
widths = 	15,	21,	22,	7,	29,	27,	26,	5,	12,	26,	13
heights = 	16,	22,	24,	8,	30,	27,	24,	4,	14,	25,	11
powers = 	122,	119,	133,	50,	156,	49,	101,	12,	149,	183,	121
target_reward = 0
connections = 0,	0,	0,	0,	128,	0,	0,	0,	1024,	512,	0;
			0,	0,	128,	512,	1024,	256,	0,	0,	0,	0,	0;
			0,	128,	0,	256,	0,	256,	0,	1024,	0,	512,	0;
			0,	512,	256,	0,	1024,	512,	1024,	0,	0,	512,	0;
			128,	1024,	0,	1024,	0,	256,	0,	0,	0,	0,	0;
			0,	256,	256,	512,	256,	0,	0,	0,	0,	0,	256;
			0,	0,	0,	1024,	0,	0,	0,	128,	0,	0,	0;
			0,	0,	1024,	0,	0,	0,	128,	0,	0,	0,	0;
			1024,	0,	0,	0,	0,	0,	0,	0,	0,	256,	0;
			512,	0,	512,	512,	0,	0,	0,	0,	256,	0,	512;
			0,	0,	0,	0,	0,	256,	0,	0,	0,	512,	0
u =  0, 0, 0, 1, 1, 1, 1, 2, 2, 2, 2, 2, 3, 3, 3, 3, 3, 3, 4, 4, 4, 4, 5, 5, 5, 5, 5, 6, 6, 7, 7, 8, 8, 9, 9, 9, 9, 9, 10, 10
v =  4, 8, 9, 2, 3, 4, 5, 1, 3, 5, 7, 9, 1, 2, 4, 5, 6, 9, 0, 1, 3, 5, 1, 2, 3, 4, 10, 3, 7, 2, 6, 0, 9, 0, 2, 3, 8, 10, 5, 9
e =  128, 1024, 512, 128, 512, 1024, 256, 128, 256, 256, 1024, 512, 512, 256, 1024, 512, 1024, 512, 128, 1024, 1024, 256, 256, 256, 512, 256, 256, 1024, 128, 1024, 128, 1024, 256, 512, 512, 512, 256, 512, 256, 512
x = 0,0,0,0,0,0,0,0,0,0,0
y = 0,0,0,0,0,0,0,0,0,0,0
