[general]
path = outputs/system/

[chiplets]
chiplet_count = 9
widths = 	28,	18,	23,	30,	30,	25,	26,	27,	22
heights = 	27,	20,	23,	26,	28,	27,	27,	22,	18
powers = 	175,	76,	170,	166,	120,	70,	102,	114,	143
target_reward = 0
connections = 0,	256,	512,	0,	256,	0,	1024,	0,	128;
			256,	0,	1024,	0,	512,	0,	256,	512,	0;
			512,	1024,	0,	1024,	0,	0,	1024,	512,	0;
			0,	0,	1024,	0,	128,	1024,	256,	0,	0;
			256,	512,	0,	128,	0,	256,	0,	0,	1024;
			0,	0,	0,	1024,	256,	0,	256,	512,	0;
			1024,	256,	1024,	256,	0,	256,	0,	256,	0;
			0,	512,	512,	0,	0,	512,	256,	0,	0;
			128,	0,	0,	0,	1024,	0,	0,	0,	0
u =  0, 0, 0, 0, 0, 1, 1, 1, 1, 1, 2, 2, 2, 2, 2, 3, 3, 3, 3, 4, 4, 4, 4, 4, 5, 5, 5, 5, 6, 6, 6, 6, 6, 6, 7, 7, 7, 7, 8, 8
v =  1, 2, 4, 6, 8, 0, 2, 4, 6, 7, 0, 1, 3, 6, 7, 2, 4, 5, 6, 0, 1, 3, 5, 8, 3, 4, 6, 7, 0, 1, 2, 3, 5, 7, 1, 2, 5, 6, 0, 4
e =  256, 512, 256, 1024, 128, 256, 1024, 512, 256, 512, 512, 1024, 1024, 1024, 512, 1024, 128, 1024, 256, 256, 512, 128, 256, 1024, 1024, 256, 256, 512, 1024, 256, 1024, 256, 256, 256, 512, 512, 512, 256, 128, 1024
x = 0,0,0,0,0,0,0,0,0
y = 0,0,0,0,0,0,0,0,0
