[general]
path = outputs/system/

[chiplets]
chiplet_count = 8
widths = 	13,	22,	23,	22,	16,	23,	18,	24
heights = 	14,	22,	19,	21,	17,	24,	17,	28
powers = 	173,	29,	165,	100,	156,	26,	111,	136
target_reward = 0
connections = 0,	128,	0,	0,	0,	0,	256,	0;
			128,	0,	1024,	0,	0,	128,	1024,	0;
			0,	1024,	0,	512,	128,	512,	1024,	0;
			0,	0,	512,	0,	512,	512,	128,	1024;
			0,	0,	128,	512,	0,	128,	0,	0;
			0,	128,	512,	512,	128,	0,	0,	0;
			256,	1024,	1024,	128,	0,	0,	0,	512;
			0,	0,	0,	1024,	0,	0,	512,	0
u =  0, 0, 1, 1, 1, 1, 2, 2, 2, 2, 2, 3, 3, 3, 3, 3, 4, 4, 4, 5, 5, 5, 5, 6, 6, 6, 6, 6, 7, 7
v =  1, 6, 0, 2, 5, 6, 1, 3, 4, 5, 6, 2, 4, 5, 6, 7, 2, 3, 5, 1, 2, 3, 4, 0, 1, 2, 3, 7, 3, 6
e =  128, 256, 128, 1024, 128, 1024, 1024, 512, 128, 512, 1024, 512, 512, 512, 128, 1024, 128, 512, 128, 128, 512, 512, 128, 256, 1024, 1024, 128, 512, 1024, 512
x = 0,0,0,0,0,0,0,0
y = 0,0,0,0,0,0,0,0
