[general]
path = outputs/system/

[chiplets]
chiplet_count = 7
widths = 	16,	20,	10,	14,	27,	18,	12
heights = 	17,	19,	9,	15,	22,	20,	12
powers = 	120,	148,	68,	105,	19,	71,	63
target_reward = 0
connections = 0,	256,	256,	0,	512,	0,	0;
			256,	0,	1024,	0,	0,	512,	0;
			256,	1024,	0,	0,	128,	512,	512;
			0,	0,	0,	0,	0,	256,	0;
			512,	0,	128,	0,	0,	128,	128;
			0,	512,	512,	256,	128,	0,	512;
			0,	0,	512,	0,	128,	512,	0
u =  0, 0, 0, 1, 1, 1, 2, 2, 2, 2, 2, 3, 4, 4, 4, 4, 5, 5, 5, 5, 5, 6, 6, 6
v =  1, 2, 4, 0, 2, 5, 0, 1, 4, 5, 6, 5, 0, 2, 5, 6, 1, 2, 3, 4, 6, 2, 4, 5
e =  256, 256, 512, 256, 1024, 512, 256, 1024, 128, 512, 512, 256, 512, 128, 128, 128, 512, 512, 256, 128, 512, 512, 128, 512
x = 0,0,0,0,0,0,0
y = 0,0,0,0,0,0,0
