[general]
path = outputs/system/

[chiplets]
chiplet_count = 8
widths = 	12,	24,	15,	15,	15,	30,	21,	21
heights = 	12,	28,	15,	16,	12,	25,	18,	17
powers = 	148,	47,	4,	197,	151,	94,	7,	1
target_reward = 0
connections = 0,	512,	0,	256,	128,	0,	0,	0;
			512,	0,	0,	512,	512,	0,	256,	256;
			0,	0,	0,	512,	0,	0,	0,	0;
			256,	512,	512,	0,	128,	256,	0,	0;
			128,	512,	0,	128,	0,	128,	128,	512;
			0,	0,	0,	256,	128,	0,	512,	128;
			0,	256,	0,	0,	128,	512,	0,	0;
			0,	256,	0,	0,	512,	128,	0,	0
u =  0, 0, 0, 1, 1, 1, 1, 1, 2, 3, 3, 3, 3, 3, 4, 4, 4, 4, 4, 4, 5, 5, 5, 5, 6, 6, 6, 7, 7, 7
v =  1, 3, 4, 0, 3, 4, 6, 7, 3, 0, 1, 2, 4, 5, 0, 1, 3, 5, 6, 7, 3, 4, 6, 7, 1, 4, 5, 1, 4, 5
e =  512, 256, 128, 512, 512, 512, 256, 256, 512, 256, 512, 512, 128, 256, 128, 512, 128, 128, 128, 512, 256, 128, 512, 128, 256, 128, 512, 256, 512, 128
x = 0,0,0,0,0,0,0,0
y = 0,0,0,0,0,0,0,0
