[general]
path = outputs/system/

[chiplets]
chiplet_count = 9
widths = 	17,	16,	23,	26,	18,	18,	12,	7,	30
heights = 	17,	17,	21,	21,	17,	22,	15,	8,	29
powers = 	52,	40,	118,	154,	78,	132,	82,	81,	40
target_reward = 0
connections = 0,	0,	1024,	0,	1024,	0,	0,	0,	0;
			0,	0,	0,	0,	0,	0,	512,	0,	0;
			1024,	0,	0,	0,	0,	0,	256,	0,	0;
			0,	0,	0,	0,	0,	0,	0,	512,	0;
			1024,	0,	0,	0,	0,	0,	1024,	256,	0;
			0,	0,	0,	0,	0,	0,	128,	256,	1024;
			0,	512,	256,	0,	1024,	128,	0,	128,	512;
			0,	0,	0,	512,	256,	256,	128,	0,	128;
			0,	0,	0,	0,	0,	1024,	512,	128,	0
u =  0, 0, 1, 2, 2, 3, 4, 4, 4, 5, 5, 5, 6, 6, 6, 6, 6, 6, 7, 7, 7, 7, 7, 8, 8, 8
v =  2, 4, 6, 0, 6, 7, 0, 6, 7, 6, 7, 8, 1, 2, 4, 5, 7, 8, 3, 4, 5, 6, 8, 5, 6, 7
e =  1024, 1024, 512, 1024, 256, 512, 1024, 1024, 256, 128, 256, 1024, 512, 256, 1024, 128, 128, 512, 512, 256, 256, 128, 128, 1024, 512, 128
x = 0,0,0,0,0,0,0,0,0
y = 0,0,0,0,0,0,0,0,0
