[general]
path = outputs/system/

[chiplets]
chiplet_count = 7
widths = 	19,	25,	9,	24,	30,	17,	30
heights = 	20,	23,	9,	25,	28,	20,	30
powers = 	194,	155,	47,	19,	136,	196,	44
target_reward = 0
connections = 0,	0,	0,	128,	128,	512,	0;
			0,	0,	512,	1024,	256,	0,	0;
			0,	512,	0,	256,	256,	0,	256;
			128,	1024,	256,	0,	512,	0,	256;
			128,	256,	256,	512,	0,	0,	256;
			512,	0,	0,	0,	0,	0,	0;
			0,	0,	256,	256,	256,	0,	0
u =  0, 0, 0, 1, 1, 1, 2, 2, 2, 2, 3, 3, 3, 3, 3, 4, 4, 4, 4, 4, 5, 6, 6, 6
v =  3, 4, 5, 2, 3, 4, 1, 3, 4, 6, 0, 1, 2, 4, 6, 0, 1, 2, 3, 6, 0, 2, 3, 4
e =  128, 128, 512, 512, 1024, 256, 512, 256, 256, 256, 128, 1024, 256, 512, 256, 128, 256, 256, 512, 256, 512, 256, 256, 256
x = 0,0,0,0,0,0,0
y = 0,0,0,0,0,0,0
