[general]
path = outputs/system/

[chiplets]
chiplet_count = 9
widths = 	26,	19,	30,	4,	26,	26,	19,	24,	5
heights = 	29,	19,	28,	5,	22,	30,	21,	20,	6
powers = 	132,	192,	169,	67,	146,	38,	122,	121,	166
target_reward = 0
connections = 0,	128,	256,	0,	0,	0,	0,	1024,	256;
			128,	0,	1024,	512,	0,	256,	0,	0,	0;
			256,	1024,	0,	1024,	1024,	0,	0,	128,	0;
			0,	512,	1024,	0,	0,	256,	1024,	0,	256;
			0,	0,	1024,	0,	0,	512,	0,	128,	0;
			0,	256,	0,	256,	512,	0,	512,	0,	0;
			0,	0,	0,	1024,	0,	512,	0,	0,	1024;
			1024,	0,	128,	0,	128,	0,	0,	0,	1024;
			256,	0,	0,	256,	0,	0,	1024,	1024,	0
u =  0, 0, 0, 0, 1, 1, 1, 1, 2, 2, 2, 2, 2, 3, 3, 3, 3, 3, 4, 4, 4, 5, 5, 5, 5, 6, 6, 6, 7, 7, 7, 7, 8, 8, 8, 8
v =  1, 2, 7, 8, 0, 2, 3, 5, 0, 1, 3, 4, 7, 1, 2, 5, 6, 8, 2, 5, 7, 1, 3, 4, 6, 3, 5, 8, 0, 2, 4, 8, 0, 3, 6, 7
e =  128, 256, 1024, 256, 128, 1024, 512, 256, 256, 1024, 1024, 1024, 128, 512, 1024, 256, 1024, 256, 1024, 512, 128, 256, 256, 512, 512, 1024, 512, 1024, 1024, 128, 128, 1024, 256, 256, 1024, 1024
x = 0,0,0,0,0,0,0,0,0
y = 0,0,0,0,0,0,0,0,0
