[general]
path = outputs/system/

[chiplets]
chiplet_count = 8
widths = 	10,	21,	18,	28,	9,	17,	22,	26
heights = 	11,	17,	18,	24,	11,	16,	24,	21
powers = 	29,	118,	41,	196,	175,	32,	100,	169
target_reward = 0
connections = 0,	0,	0,	0,	0,	0,	256,	256;
			0,	0,	0,	0,	1024,	0,	256,	128;
			0,	0,	0,	512,	1024,	0,	512,	1024;
			0,	0,	512,	0,	256,	0,	256,	0;
			0,	1024,	1024,	256,	0,	128,	512,	0;
			0,	0,	0,	0,	128,	0,	256,	512;
			256,	256,	512,	256,	512,	256,	0,	0;
			256,	128,	1024,	0,	0,	512,	0,	0
u =  0, 0, 1, 1, 1, 2, 2, 2, 2, 3, 3, 3, 4, 4, 4, 4, 4, 5, 5, 5, 6, 6, 6, 6, 6, 6, 7, 7, 7, 7
v =  6, 7, 4, 6, 7, 3, 4, 6, 7, 2, 4, 6, 1, 2, 3, 5, 6, 4, 6, 7, 0, 1, 2, 3, 4, 5, 0, 1, 2, 5
e =  256, 256, 1024, 256, 128, 512, 1024, 512, 1024, 512, 256, 256, 1024, 1024, 256, 128, 512, 128, 256, 512, 256, 256, 512, 256, 512, 256, 256, 128, 1024, 512
x = 0,0,0,0,0,0,0,0
y = 0,0,0,0,0,0,0,0
