[general]
path = outputs/system/

[chiplets]
chiplet_count = 9
widths = 	13,	29,	15,	20,	13,	25,	25,	22,	27
heights = 	12,	28,	17,	23,	13,	23,	21,	20,	29
powers = 	67,	87,	84,	27,	46,	107,	109,	65,	157
target_reward = 0
connections = 0,	0,	256,	0,	1024,	128,	0,	0,	0;
			0,	0,	128,	512,	1024,	1024,	0,	256,	1024;
			256,	128,	0,	512,	0,	0,	0,	0,	1024;
			0,	512,	512,	0,	1024,	128,	128,	128,	256;
			1024,	1024,	0,	1024,	0,	128,	128,	0,	0;
			128,	1024,	0,	128,	128,	0,	1024,	0,	128;
			0,	0,	0,	128,	128,	1024,	0,	0,	0;
			0,	256,	0,	128,	0,	0,	0,	0,	0;
			0,	1024,	1024,	256,	0,	128,	0,	0,	0
u =  0, 0, 0, 1, 1, 1, 1, 1, 1, 2, 2, 2, 2, 3, 3, 3, 3, 3, 3, 3, 4, 4, 4, 4, 4, 5, 5, 5, 5, 5, 5, 6, 6, 6, 7, 7, 8, 8, 8, 8
v =  2, 4, 5, 2, 3, 4, 5, 7, 8, 0, 1, 3, 8, 1, 2, 4, 5, 6, 7, 8, 0, 1, 3, 5, 6, 0, 1, 3, 4, 6, 8, 3, 4, 5, 1, 3, 1, 2, 3, 5
e =  256, 1024, 128, 128, 512, 1024, 1024, 256, 1024, 256, 128, 512, 1024, 512, 512, 1024, 128, 128, 128, 256, 1024, 1024, 1024, 128, 128, 128, 1024, 128, 128, 1024, 128, 128, 128, 1024, 256, 128, 1024, 1024, 256, 128
x = 0,0,0,0,0,0,0,0,0
y = 0,0,0,0,0,0,0,0,0
