[general]
path = outputs/system/

[chiplets]
chiplet_count = 7
widths = 	21,	28,	17,	20,	25,	27,	11
heights = 	26,	26,	17,	23,	26,	27,	11
powers = 	162,	71,	33,	138,	166,	51,	101
target_reward = 0
connections = 0,	128,	0,	0,	512,	0,	128;
			128,	0,	512,	256,	128,	256,	0;
			0,	512,	0,	1024,	128,	0,	0;
			0,	256,	1024,	0,	128,	0,	0;
			512,	128,	128,	128,	0,	1024,	512;
			0,	256,	0,	0,	1024,	0,	128;
			128,	0,	0,	0,	512,	128,	0
u =  0, 0, 0, 1, 1, 1, 1, 1, 2, 2, 2, 3, 3, 3, 4, 4, 4, 4, 4, 4, 5, 5, 5, 6, 6, 6
v =  1, 4, 6, 0, 2, 3, 4, 5, 1, 3, 4, 1, 2, 4, 0, 1, 2, 3, 5, 6, 1, 4, 6, 0, 4, 5
e =  128, 512, 128, 128, 512, 256, 128, 256, 512, 1024, 128, 256, 1024, 128, 512, 128, 128, 128, 1024, 512, 256, 1024, 128, 128, 512, 128
x = 0,0,0,0,0,0,0
y = 0,0,0,0,0,0,0
