[general]
path = outputs/system/

[chiplets]
chiplet_count = 6
widths = 	6,	21,	25,	19,	18,	17
heights = 	5,	21,	21,	23,	20,	19
powers = 	167,	98,	100,	163,	108,	60
target_reward = 0
connections = 0,	256,	512,	256,	0,	128;
			256,	0,	256,	1024,	128,	0;
			512,	256,	0,	512,	0,	128;
			256,	1024,	512,	0,	128,	256;
			0,	128,	0,	128,	0,	512;
			128,	0,	128,	256,	512,	0
u =  0, 0, 0, 0, 1, 1, 1, 1, 2, 2, 2, 2, 3, 3, 3, 3, 3, 4, 4, 4, 5, 5, 5, 5
v =  1, 2, 3, 5, 0, 2, 3, 4, 0, 1, 3, 5, 0, 1, 2, 4, 5, 1, 3, 5, 0, 2, 3, 4
e =  256, 512, 256, 128, 256, 256, 1024, 128, 512, 256, 512, 128, 256, 1024, 512, 128, 256, 128, 128, 512, 128, 128, 256, 512
x = 0,0,0,0,0,0
y = 0,0,0,0,0,0
