[general]
path = outputs/system/

[chiplets]
chiplet_count = 9
widths = 	28,	25,	25,	17,	30,	11,	26,	22,	8
heights = 	29,	22,	24,	16,	29,	13,	24,	25,	9
powers = 	121,	27,	123,	107,	90,	142,	191,	38,	69
target_reward = 0
connections = 0,	0,	0,	0,	0,	1024,	0,	0,	0;
			0,	0,	0,	0,	0,	256,	128,	512,	512;
			0,	0,	0,	128,	256,	512,	0,	0,	0;
			0,	0,	128,	0,	128,	0,	256,	512,	0;
			0,	0,	256,	128,	0,	0,	0,	0,	256;
			1024,	256,	512,	0,	0,	0,	0,	0,	1024;
			0,	128,	0,	256,	0,	0,	0,	128,	0;
			0,	512,	0,	512,	0,	0,	128,	0,	256;
			0,	512,	0,	0,	256,	1024,	0,	256,	0
u =  0, 1, 1, 1, 1, 2, 2, 2, 3, 3, 3, 3, 4, 4, 4, 5, 5, 5, 5, 6, 6, 6, 7, 7, 7, 7, 8, 8, 8, 8
v =  5, 5, 6, 7, 8, 3, 4, 5, 2, 4, 6, 7, 2, 3, 8, 0, 1, 2, 8, 1, 3, 7, 1, 3, 6, 8, 1, 4, 5, 7
e =  1024, 256, 128, 512, 512, 128, 256, 512, 128, 128, 256, 512, 256, 128, 256, 1024, 256, 512, 1024, 128, 256, 128, 512, 512, 128, 256, 512, 256, 1024, 256
x = 0,0,0,0,0,0,0,0,0
y = 0,0,0,0,0,0,0,0,0
