[general]
path = outputs/system/

[chiplets]
chiplet_count = 7
widths = 	18,	15,	29,	19,	28,	14,	16
heights = 	18,	15,	26,	20,	24,	15,	19
powers = 	121,	143,	76,	164,	173,	58,	66
target_reward = 0
connections = 0,	128,	0,	0,	256,	512,	512;
			128,	0,	0,	0,	0,	1024,	0;
			0,	0,	0,	128,	512,	256,	1024;
			0,	0,	128,	0,	128,	0,	128;
			256,	0,	512,	128,	0,	1024,	512;
			512,	1024,	256,	0,	1024,	0,	256;
			512,	0,	1024,	128,	512,	256,	0
u =  0, 0, 0, 0, 1, 1, 2, 2, 2, 2, 3, 3, 3, 4, 4, 4, 4, 4, 5, 5, 5, 5, 5, 6, 6, 6, 6, 6
v =  1, 4, 5, 6, 0, 5, 3, 4, 5, 6, 2, 4, 6, 0, 2, 3, 5, 6, 0, 1, 2, 4, 6, 0, 2, 3, 4, 5
e =  128, 256, 512, 512, 128, 1024, 128, 512, 256, 1024, 128, 128, 128, 256, 512, 128, 1024, 512, 512, 1024, 256, 1024, 256, 512, 1024, 128, 512, 256
x = 0,0,0,0,0,0,0
y = 0,0,0,0,0,0,0
