[general]
path = outputs/system/

[chiplets]
chiplet_count = 7
widths = 	20,	23,	24,	29,	16,	24,	13
heights = 	22,	27,	29,	29,	13,	25,	15
powers = 	189,	185,	77,	192,	38,	108,	117
target_reward = 0
connections = 0,	256,	1024,	0,	128,	512,	0;
			256,	0,	128,	512,	512,	512,	0;
			1024,	128,	0,	1024,	0,	0,	1024;
			0,	512,	1024,	0,	256,	128,	512;
			128,	512,	0,	256,	0,	128,	0;
			512,	512,	0,	128,	128,	0,	0;
			0,	0,	1024,	512,	0,	0,	0
u =  0, 0, 0, 0, 1, 1, 1, 1, 1, 2, 2, 2, 2, 3, 3, 3, 3, 3, 4, 4, 4, 4, 5, 5, 5, 5, 6, 6
v =  1, 2, 4, 5, 0, 2, 3, 4, 5, 0, 1, 3, 6, 1, 2, 4, 5, 6, 0, 1, 3, 5, 0, 1, 3, 4, 2, 3
e =  256, 1024, 128, 512, 256, 128, 512, 512, 512, 1024, 128, 1024, 1024, 512, 1024, 256, 128, 512, 128, 512, 256, 128, 512, 512, 128, 128, 1024, 512
x = 0,0,0,0,0,0,0
y = 0,0,0,0,0,0,0
