[general]
path = outputs/system/

[chiplets]
chiplet_count = 7
widths = 	17,	17,	25,	29,	6,	22,	19
heights = 	19,	21,	25,	27,	7,	22,	22
powers = 	199,	21,	19,	135,	57,	125,	107
target_reward = 0
connections = 0,	512,	128,	512,	512,	0,	512;
			512,	0,	128,	0,	512,	1024,	128;
			128,	128,	0,	0,	0,	128,	256;
			512,	0,	0,	0,	0,	0,	0;
			512,	512,	0,	0,	0,	128,	512;
			0,	1024,	128,	0,	128,	0,	128;
			512,	128,	256,	0,	512,	128,	0
u =  0, 0, 0, 0, 0, 1, 1, 1, 1, 1, 2, 2, 2, 2, 3, 4, 4, 4, 4, 5, 5, 5, 5, 6, 6, 6, 6, 6
v =  1, 2, 3, 4, 6, 0, 2, 4, 5, 6, 0, 1, 5, 6, 0, 0, 1, 5, 6, 1, 2, 4, 6, 0, 1, 2, 4, 5
e =  512, 128, 512, 512, 512, 512, 128, 512, 1024, 128, 128, 128, 128, 256, 512, 512, 512, 128, 512, 1024, 128, 128, 128, 512, 128, 256, 512, 128
x = 0,0,0,0,0,0,0
y = 0,0,0,0,0,0,0
