[general]
path = outputs/system/

[chiplets]
chiplet_count = 10
widths = 	28,	30,	28,	27,	10,	20,	12,	25,	26,	30
heights = 	27,	28,	26,	25,	10,	24,	10,	22,	28,	25
powers = 	134,	156,	116,	66,	40,	79,	12,	49,	77,	172
target_reward = 0
connections = 0,	128,	0,	0,	0,	0,	0,	0,	0,	128;
			128,	0,	0,	0,	0,	0,	0,	0,	0,	0;
			0,	0,	0,	0,	256,	0,	0,	0,	0,	0;
			0,	0,	0,	0,	0,	256,	512,	0,	0,	0;
			0,	0,	256,	0,	0,	0,	256,	1024,	0,	0;
			0,	0,	0,	256,	0,	0,	512,	0,	256,	512;
			0,	0,	0,	512,	256,	512,	0,	128,	1024,	0;
			0,	0,	0,	0,	1024,	0,	128,	0,	1024,	128;
			0,	0,	0,	0,	0,	256,	1024,	1024,	0,	512;
			128,	0,	0,	0,	0,	512,	0,	128,	512,	0
u =  0, 0, 1, 2, 3, 3, 4, 4, 4, 5, 5, 5, 5, 6, 6, 6, 6, 6, 7, 7, 7, 7, 8, 8, 8, 8, 9, 9, 9, 9
v =  1, 9, 0, 4, 5, 6, 2, 6, 7, 3, 6, 8, 9, 3, 4, 5, 7, 8, 4, 6, 8, 9, 5, 6, 7, 9, 0, 5, 7, 8
e =  128, 128, 128, 256, 256, 512, 256, 256, 1024, 256, 512, 256, 512, 512, 256, 512, 128, 1024, 1024, 128, 1024, 128, 256, 1024, 1024, 512, 128, 512, 128, 512
x = 0,0,0,0,0,0,0,0,0,0
y = 0,0,0,0,0,0,0,0,0,0
