[general]
path = outputs/system/

[chiplets]
chiplet_count = 8
widths = 	16,	8,	25,	18,	9,	18,	10,	16
heights = 	17,	7,	30,	15,	8,	16,	11,	19
powers = 	90,	66,	169,	16,	64,	100,	114,	89
target_reward = 0
connections = 0,	0,	0,	0,	0,	1024,	0,	1024;
			0,	0,	0,	0,	1024,	512,	512,	0;
			0,	0,	0,	1024,	1024,	0,	0,	0;
			0,	0,	1024,	0,	1024,	256,	0,	0;
			0,	1024,	1024,	1024,	0,	128,	512,	0;
			1024,	512,	0,	256,	128,	0,	256,	0;
			0,	512,	0,	0,	512,	256,	0,	1024;
			1024,	0,	0,	0,	0,	0,	1024,	0
u =  0, 0, 1, 1, 1, 2, 2, 3, 3, 3, 4, 4, 4, 4, 4, 5, 5, 5, 5, 5, 6, 6, 6, 6, 7, 7
v =  5, 7, 4, 5, 6, 3, 4, 2, 4, 5, 1, 2, 3, 5, 6, 0, 1, 3, 4, 6, 1, 4, 5, 7, 0, 6
e =  1024, 1024, 1024, 512, 512, 1024, 1024, 1024, 1024, 256, 1024, 1024, 1024, 128, 512, 1024, 512, 256, 128, 256, 512, 512, 256, 1024, 1024, 1024
x = 0,0,0,0,0,0,0,0
y = 0,0,0,0,0,0,0,0
