[general]
path = outputs/system/

[chiplets]
chiplet_count = 8
widths = 	5,	16,	19,	13,	22,	25,	25,	19
heights = 	4,	18,	22,	16,	21,	27,	21,	17
powers = 	124,	157,	125,	98,	73,	139,	177,	26
target_reward = 0
connections = 0,	256,	512,	0,	512,	0,	0,	256;
			256,	0,	128,	128,	256,	1024,	0,	128;
			512,	128,	0,	512,	128,	0,	0,	0;
			0,	128,	512,	0,	0,	0,	512,	1024;
			512,	256,	128,	0,	0,	256,	0,	128;
			0,	1024,	0,	0,	256,	0,	128,	512;
			0,	0,	0,	512,	0,	128,	0,	256;
			256,	128,	0,	1024,	128,	512,	256,	0
u =  0, 0, 0, 0, 1, 1, 1, 1, 1, 1, 2, 2, 2, 2, 3, 3, 3, 3, 4, 4, 4, 4, 4, 5, 5, 5, 5, 6, 6, 6, 7, 7, 7, 7, 7, 7
v =  1, 2, 4, 7, 0, 2, 3, 4, 5, 7, 0, 1, 3, 4, 1, 2, 6, 7, 0, 1, 2, 5, 7, 1, 4, 6, 7, 3, 5, 7, 0, 1, 3, 4, 5, 6
e =  256, 512, 512, 256, 256, 128, 128, 256, 1024, 128, 512, 128, 512, 128, 128, 512, 512, 1024, 512, 256, 128, 256, 128, 1024, 256, 128, 512, 512, 128, 256, 256, 128, 1024, 128, 512, 256
x = 0,0,0,0,0,0,0,0
y = 0,0,0,0,0,0,0,0
