[general]
path = outputs/system/

[chiplets]
chiplet_count = 9
widths = 	27,	21,	26,	17,	27,	5,	23,	17,	17
heights = 	23,	22,	30,	18,	28,	6,	25,	21,	18
powers = 	115,	67,	8,	137,	4,	36,	70,	117,	197
target_reward = 0
connections = 0,	0,	0,	0,	128,	512,	0,	128,	0;
			0,	0,	0,	0,	0,	0,	1024,	0,	0;
			0,	0,	0,	1024,	1024,	0,	1024,	512,	0;
			0,	0,	1024,	0,	256,	256,	0,	0,	0;
			128,	0,	1024,	256,	0,	128,	128,	512,	512;
			512,	0,	0,	256,	128,	0,	0,	128,	0;
			0,	1024,	1024,	0,	128,	0,	0,	1024,	0;
			128,	0,	512,	0,	512,	128,	1024,	0,	1024;
			0,	0,	0,	0,	512,	0,	0,	1024,	0
u =  0, 0, 0, 1, 2, 2, 2, 2, 3, 3, 3, 4, 4, 4, 4, 4, 4, 4, 5, 5, 5, 5, 6, 6, 6, 6, 7, 7, 7, 7, 7, 7, 8, 8
v =  4, 5, 7, 6, 3, 4, 6, 7, 2, 4, 5, 0, 2, 3, 5, 6, 7, 8, 0, 3, 4, 7, 1, 2, 4, 7, 0, 2, 4, 5, 6, 8, 4, 7
e =  128, 512, 128, 1024, 1024, 1024, 1024, 512, 1024, 256, 256, 128, 1024, 256, 128, 128, 512, 512, 512, 256, 128, 128, 1024, 1024, 128, 1024, 128, 512, 512, 128, 1024, 1024, 512, 1024
x = 0,0,0,0,0,0,0,0,0
y = 0,0,0,0,0,0,0,0,0
