[general]
path = outputs/system/

[chiplets]
chiplet_count = 9
widths = 	27,	17,	28,	19,	22,	9,	21,	29,	30
heights = 	27,	20,	30,	21,	18,	11,	25,	30,	24
powers = 	8,	96,	200,	69,	17,	180,	125,	31,	177
target_reward = 0
connections = 0,	0,	0,	0,	256,	512,	1024,	0,	0;
			0,	0,	0,	0,	1024,	128,	512,	0,	0;
			0,	0,	0,	0,	0,	0,	1024,	512,	0;
			0,	0,	0,	0,	0,	1024,	256,	0,	128;
			256,	1024,	0,	0,	0,	0,	0,	1024,	512;
			512,	128,	0,	1024,	0,	0,	1024,	128,	0;
			1024,	512,	1024,	256,	0,	1024,	0,	256,	512;
			0,	0,	512,	0,	1024,	128,	256,	0,	256;
			0,	0,	0,	128,	512,	0,	512,	256,	0
u =  0, 0, 0, 1, 1, 1, 2, 2, 3, 3, 3, 4, 4, 4, 4, 5, 5, 5, 5, 5, 6, 6, 6, 6, 6, 6, 6, 7, 7, 7, 7, 7, 8, 8, 8, 8
v =  4, 5, 6, 4, 5, 6, 6, 7, 5, 6, 8, 0, 1, 7, 8, 0, 1, 3, 6, 7, 0, 1, 2, 3, 5, 7, 8, 2, 4, 5, 6, 8, 3, 4, 6, 7
e =  256, 512, 1024, 1024, 128, 512, 1024, 512, 1024, 256, 128, 256, 1024, 1024, 512, 512, 128, 1024, 1024, 128, 1024, 512, 1024, 256, 1024, 256, 512, 512, 1024, 128, 256, 256, 128, 512, 512, 256
x = 0,0,0,0,0,0,0,0,0
y = 0,0,0,0,0,0,0,0,0
