[general]
path = outputs/system/

[chiplets]
chiplet_count = 11
widths = 	18,	25,	21,	16,	22,	27,	18,	25,	27,	28,	30
heights = 	21,	30,	21,	13,	25,	25,	21,	24,	23,	28,	27
powers = 	75,	69,	48,	97,	59,	118,	150,	91,	41,	14,	71
target_reward = 0
connections = 0,	0,	512,	0,	0,	1024,	0,	0,	0,	0,	0;
			0,	0,	256,	0,	128,	0,	0,	0,	0,	128,	128;
			512,	256,	0,	0,	0,	0,	0,	0,	0,	0,	0;
			0,	0,	0,	0,	0,	0,	128,	0,	0,	0,	256;
			0,	128,	0,	0,	0,	256,	256,	0,	0,	0,	0;
			1024,	0,	0,	0,	256,	0,	0,	0,	256,	256,	0;
			0,	0,	0,	128,	256,	0,	0,	0,	0,	0,	128;
			0,	0,	0,	0,	0,	0,	0,	0,	512,	1024,	512;
			0,	0,	0,	0,	0,	256,	0,	512,	0,	1024,	1024;
			0,	128,	0,	0,	0,	256,	0,	1024,	1024,	0,	512;
			0,	128,	0,	256,	0,	0,	128,	512,	1024,	512,	0
u =  0, 0, 1, 1, 1, 1, 2, 2, 3, 3, 4, 4, 4, 5, 5, 5, 5, 6, 6, 6, 7, 7, 7, 8, 8, 8, 8, 9, 9, 9, 9, 9, 10, 10, 10, 10, 10, 10
v =  2, 5, 2, 4, 9, 10, 0, 1, 6, 10, 1, 5, 6, 0, 4, 8, 9, 3, 4, 10, 8, 9, 10, 5, 7, 9, 10, 1, 5, 7, 8, 10, 1, 3, 6, 7, 8, 9
e =  512, 1024, 256, 128, 128, 128, 512, 256, 128, 256, 128, 256, 256, 1024, 256, 256, 256, 128, 256, 128, 512, 1024, 512, 256, 512, 1024, 1024, 128, 256, 1024, 1024, 512, 128, 256, 128, 512, 1024, 512
x = 0,0,0,0,0,0,0,0,0,0,0
y = 0,0,0,0,0,0,0,0,0,0,0
