[general]
path = outputs/system/

[chiplets]
chiplet_count = 8
widths = 	5,	4,	9,	22,	23,	6,	9,	15
heights = 	4,	5,	10,	23,	21,	6,	8,	13
powers = 	145,	75,	36,	101,	151,	7,	48,	150
target_reward = 0
connections = 0,	0,	0,	0,	1024,	1024,	0,	0;
			0,	0,	1024,	0,	0,	512,	1024,	0;
			0,	1024,	0,	512,	512,	0,	0,	0;
			0,	0,	512,	0,	256,	512,	0,	256;
			1024,	0,	512,	256,	0,	512,	256,	0;
			1024,	512,	0,	512,	512,	0,	0,	1024;
			0,	1024,	0,	0,	256,	0,	0,	0;
			0,	0,	0,	256,	0,	1024,	0,	0
u =  0, 0, 1, 1, 1, 2, 2, 2, 3, 3, 3, 3, 4, 4, 4, 4, 4, 5, 5, 5, 5, 5, 6, 6, 7, 7
v =  4, 5, 2, 5, 6, 1, 3, 4, 2, 4, 5, 7, 0, 2, 3, 5, 6, 0, 1, 3, 4, 7, 1, 4, 3, 5
e =  1024, 1024, 1024, 512, 1024, 1024, 512, 512, 512, 256, 512, 256, 1024, 512, 256, 512, 256, 1024, 512, 512, 512, 1024, 1024, 256, 256, 1024
x = 0,0,0,0,0,0,0,0
y = 0,0,0,0,0,0,0,0
