[general]
path = outputs/system/

[chiplets]
chiplet_count = 11
widths = 	30,	27,	12,	25,	10,	18,	22,	7,	20,	26,	9
heights = 	29,	29,	14,	24,	11,	15,	22,	7,	19,	30,	10
powers = 	163,	24,	163,	159,	71,	118,	197,	195,	126,	23,	126
target_reward = 0
connections = 0,	256,	1024,	0,	0,	1024,	0,	0,	128,	1024,	0;
			256,	0,	1024,	1024,	1024,	128,	0,	0,	0,	0,	0;
			1024,	1024,	0,	128,	256,	0,	0,	0,	128,	0,	0;
			0,	1024,	128,	0,	256,	0,	128,	128,	0,	0,	256;
			0,	1024,	256,	256,	0,	0,	0,	0,	0,	128,	512;
			1024,	128,	0,	0,	0,	0,	0,	0,	0,	0,	0;
			0,	0,	0,	128,	0,	0,	0,	256,	0,	0,	0;
			0,	0,	0,	128,	0,	0,	256,	0,	512,	0,	0;
			128,	0,	128,	0,	0,	0,	0,	512,	0,	0,	0;
			1024,	0,	0,	0,	128,	0,	0,	0,	0,	0,	0;
			0,	0,	0,	256,	512,	0,	0,	0,	0,	0,	0
u =  0, 0, 0, 0, 0, 1, 1, 1, 1, 1, 2, 2, 2, 2, 2, 3, 3, 3, 3, 3, 3, 4, 4, 4, 4, 4, 5, 5, 6, 6, 7, 7, 7, 8, 8, 8, 9, 9, 10, 10
v =  1, 2, 5, 8, 9, 0, 2, 3, 4, 5, 0, 1, 3, 4, 8, 1, 2, 4, 6, 7, 10, 1, 2, 3, 9, 10, 0, 1, 3, 7, 3, 6, 8, 0, 2, 7, 0, 4, 3, 4
e =  256, 1024, 1024, 128, 1024, 256, 1024, 1024, 1024, 128, 1024, 1024, 128, 256, 128, 1024, 128, 256, 128, 128, 256, 1024, 256, 256, 128, 512, 1024, 128, 128, 256, 128, 256, 512, 128, 128, 512, 1024, 128, 256, 512
x = 0,0,0,0,0,0,0,0,0,0,0
y = 0,0,0,0,0,0,0,0,0,0,0
