[general]
path = outputs/system/

[chiplets]
chiplet_count = 9
widths = 	19,	29,	21,	13,	26,	23,	24,	14,	23
heights = 	18,	30,	24,	14,	21,	26,	24,	15,	20
powers = 	99,	76,	177,	19,	14,	145,	107,	60,	46
target_reward = 0
connections = 0,	256,	128,	256,	1024,	0,	0,	0,	128;
			256,	0,	1024,	512,	256,	0,	128,	128,	0;
			128,	1024,	0,	0,	1024,	0,	0,	0,	0;
			256,	512,	0,	0,	0,	0,	0,	0,	0;
			1024,	256,	1024,	0,	0,	0,	0,	1024,	0;
			0,	0,	0,	0,	0,	0,	128,	512,	256;
			0,	128,	0,	0,	0,	128,	0,	256,	128;
			0,	128,	0,	0,	1024,	512,	256,	0,	256;
			128,	0,	0,	0,	0,	256,	128,	256,	0
u =  0, 0, 0, 0, 0, 1, 1, 1, 1, 1, 1, 2, 2, 2, 3, 3, 4, 4, 4, 4, 5, 5, 5, 6, 6, 6, 6, 7, 7, 7, 7, 7, 8, 8, 8, 8
v =  1, 2, 3, 4, 8, 0, 2, 3, 4, 6, 7, 0, 1, 4, 0, 1, 0, 1, 2, 7, 6, 7, 8, 1, 5, 7, 8, 1, 4, 5, 6, 8, 0, 5, 6, 7
e =  256, 128, 256, 1024, 128, 256, 1024, 512, 256, 128, 128, 128, 1024, 1024, 256, 512, 1024, 256, 1024, 1024, 128, 512, 256, 128, 128, 256, 128, 128, 1024, 512, 256, 256, 128, 256, 128, 256
x = 0,0,0,0,0,0,0,0,0
y = 0,0,0,0,0,0,0,0,0
