[general]
path = outputs/system/

[chiplets]
chiplet_count = 7
widths = 	27,	19,	22,	17,	14,	21,	13
heights = 	30,	21,	19,	18,	12,	19,	12
powers = 	135,	191,	173,	173,	65,	83,	82
target_reward = 0
connections = 0,	128,	1024,	1024,	0,	0,	0;
			128,	0,	128,	0,	256,	0,	128;
			1024,	128,	0,	256,	256,	256,	128;
			1024,	0,	256,	0,	512,	128,	0;
			0,	256,	256,	512,	0,	0,	0;
			0,	0,	256,	128,	0,	0,	0;
			0,	128,	128,	0,	0,	0,	0
u =  0, 0, 0, 1, 1, 1, 1, 2, 2, 2, 2, 2, 2, 3, 3, 3, 3, 4, 4, 4, 5, 5, 6, 6
v =  1, 2, 3, 0, 2, 4, 6, 0, 1, 3, 4, 5, 6, 0, 2, 4, 5, 1, 2, 3, 2, 3, 1, 2
e =  128, 1024, 1024, 128, 128, 256, 128, 1024, 128, 256, 256, 256, 128, 1024, 256, 512, 128, 256, 256, 512, 256, 128, 128, 128
x = 0,0,0,0,0,0,0
y = 0,0,0,0,0,0,0
