[general]
path = outputs/system/

[chiplets]
chiplet_count = 8
widths = 	25,	18,	28,	22,	22,	22,	9,	23
heights = 	24,	19,	29,	25,	24,	20,	9,	26
powers = 	22,	135,	162,	40,	34,	197,	172,	185
target_reward = 0
connections = 0,	0,	512,	1024,	0,	0,	0,	1024;
			0,	0,	512,	0,	0,	0,	0,	256;
			512,	512,	0,	1024,	1024,	0,	0,	1024;
			1024,	0,	1024,	0,	512,	0,	0,	0;
			0,	0,	1024,	512,	0,	512,	512,	0;
			0,	0,	0,	0,	512,	0,	1024,	1024;
			0,	0,	0,	0,	512,	1024,	0,	0;
			1024,	256,	1024,	0,	0,	1024,	0,	0
u =  0, 0, 0, 1, 1, 2, 2, 2, 2, 2, 3, 3, 3, 4, 4, 4, 4, 5, 5, 5, 6, 6, 7, 7, 7, 7
v =  2, 3, 7, 2, 7, 0, 1, 3, 4, 7, 0, 2, 4, 2, 3, 5, 6, 4, 6, 7, 4, 5, 0, 1, 2, 5
e =  512, 1024, 1024, 512, 256, 512, 512, 1024, 1024, 1024, 1024, 1024, 512, 1024, 512, 512, 512, 512, 1024, 1024, 512, 1024, 1024, 256, 1024, 1024
x = 0,0,0,0,0,0,0,0
y = 0,0,0,0,0,0,0,0
