[general]
path = outputs/system/

[chiplets]
chiplet_count = 9
widths = 	30,	13,	16,	14,	21,	25,	6,	30,	25
heights = 	24,	15,	19,	12,	23,	22,	7,	28,	25
powers = 	3,	46,	37,	153,	179,	68,	188,	141,	162
target_reward = 0
connections = 0,	0,	256,	256,	0,	1024,	128,	0,	0;
			0,	0,	0,	0,	0,	128,	512,	0,	256;
			256,	0,	0,	512,	1024,	0,	0,	0,	0;
			256,	0,	512,	0,	128,	0,	512,	0,	0;
			0,	0,	1024,	128,	0,	1024,	128,	128,	0;
			1024,	128,	0,	0,	1024,	0,	1024,	0,	0;
			128,	512,	0,	512,	128,	1024,	0,	0,	1024;
			0,	0,	0,	0,	128,	0,	0,	0,	256;
			0,	256,	0,	0,	0,	0,	1024,	256,	0
u =  0, 0, 0, 0, 1, 1, 1, 2, 2, 2, 3, 3, 3, 3, 4, 4, 4, 4, 4, 5, 5, 5, 5, 6, 6, 6, 6, 6, 6, 7, 7, 8, 8, 8
v =  2, 3, 5, 6, 5, 6, 8, 0, 3, 4, 0, 2, 4, 6, 2, 3, 5, 6, 7, 0, 1, 4, 6, 0, 1, 3, 4, 5, 8, 4, 8, 1, 6, 7
e =  256, 256, 1024, 128, 128, 512, 256, 256, 512, 1024, 256, 512, 128, 512, 1024, 128, 1024, 128, 128, 1024, 128, 1024, 1024, 128, 512, 512, 128, 1024, 1024, 128, 256, 256, 1024, 256
x = 0,0,0,0,0,0,0,0,0
y = 0,0,0,0,0,0,0,0,0
