[general]
path = outputs/system/

[chiplets]
chiplet_count = 9
widths = 	25,	23,	20,	3,	14,	24,	23,	18,	28
heights = 	29,	26,	18,	3,	16,	24,	20,	20,	29
powers = 	183,	107,	155,	66,	127,	194,	184,	111,	42
target_reward = 0
connections = 0,	512,	1024,	0,	256,	0,	256,	0,	0;
			512,	0,	1024,	512,	512,	1024,	1024,	0,	0;
			1024,	1024,	0,	512,	128,	0,	256,	0,	0;
			0,	512,	512,	0,	0,	0,	128,	128,	0;
			256,	512,	128,	0,	0,	512,	0,	0,	0;
			0,	1024,	0,	0,	512,	0,	0,	0,	0;
			256,	1024,	256,	128,	0,	0,	0,	512,	0;
			0,	0,	0,	128,	0,	0,	512,	0,	256;
			0,	0,	0,	0,	0,	0,	0,	256,	0
u =  0, 0, 0, 0, 1, 1, 1, 1, 1, 1, 2, 2, 2, 2, 2, 3, 3, 3, 3, 4, 4, 4, 4, 5, 5, 6, 6, 6, 6, 6, 7, 7, 7, 8
v =  1, 2, 4, 6, 0, 2, 3, 4, 5, 6, 0, 1, 3, 4, 6, 1, 2, 6, 7, 0, 1, 2, 5, 1, 4, 0, 1, 2, 3, 7, 3, 6, 8, 7
e =  512, 1024, 256, 256, 512, 1024, 512, 512, 1024, 1024, 1024, 1024, 512, 128, 256, 512, 512, 128, 128, 256, 512, 128, 512, 1024, 512, 256, 1024, 256, 128, 512, 128, 512, 256, 256
x = 0,0,0,0,0,0,0,0,0
y = 0,0,0,0,0,0,0,0,0
