[general]
path = outputs/system/

[chiplets]
chiplet_count = 9
widths = 	5,	16,	7,	12,	10,	16,	23,	21,	20
heights = 	5,	20,	7,	11,	9,	20,	24,	24,	16
powers = 	177,	51,	118,	62,	40,	73,	9,	150,	24
target_reward = 0
connections = 0,	512,	0,	0,	0,	0,	128,	0,	0;
			512,	0,	0,	0,	256,	256,	0,	1024,	0;
			0,	0,	0,	0,	0,	1024,	0,	128,	1024;
			0,	0,	0,	0,	1024,	512,	128,	256,	0;
			0,	256,	0,	1024,	0,	512,	1024,	1024,	0;
			0,	256,	1024,	512,	512,	0,	128,	0,	0;
			128,	0,	0,	128,	1024,	128,	0,	0,	0;
			0,	1024,	128,	256,	1024,	0,	0,	0,	0;
			0,	0,	1024,	0,	0,	0,	0,	0,	0
u =  0, 0, 1, 1, 1, 1, 2, 2, 2, 3, 3, 3, 3, 4, 4, 4, 4, 4, 5, 5, 5, 5, 5, 6, 6, 6, 6, 7, 7, 7, 7, 8
v =  1, 6, 0, 4, 5, 7, 5, 7, 8, 4, 5, 6, 7, 1, 3, 5, 6, 7, 1, 2, 3, 4, 6, 0, 3, 4, 5, 1, 2, 3, 4, 2
e =  512, 128, 512, 256, 256, 1024, 1024, 128, 1024, 1024, 512, 128, 256, 256, 1024, 512, 1024, 1024, 256, 1024, 512, 512, 128, 128, 128, 1024, 128, 1024, 128, 256, 1024, 1024
x = 0,0,0,0,0,0,0,0,0
y = 0,0,0,0,0,0,0,0,0
