[general]
path = outputs/system/

[chiplets]
chiplet_count = 11
widths = 	7,	26,	28,	25,	28,	4,	25,	15,	30,	14,	18
heights = 	7,	30,	25,	22,	28,	4,	29,	16,	28,	12,	20
powers = 	64,	70,	87,	70,	176,	33,	194,	2,	161,	103,	2
target_reward = 0
connections = 0,	0,	512,	0,	1024,	0,	0,	0,	0,	128,	0;
			0,	0,	0,	128,	0,	0,	0,	0,	0,	0,	128;
			512,	0,	0,	256,	0,	128,	0,	0,	0,	512,	0;
			0,	128,	256,	0,	0,	0,	0,	0,	512,	0,	0;
			1024,	0,	0,	0,	0,	128,	512,	0,	256,	256,	256;
			0,	0,	128,	0,	128,	0,	256,	128,	0,	0,	256;
			0,	0,	0,	0,	512,	256,	0,	128,	0,	0,	128;
			0,	0,	0,	0,	0,	128,	128,	0,	0,	0,	1024;
			0,	0,	0,	512,	256,	0,	0,	0,	0,	0,	0;
			128,	0,	512,	0,	256,	0,	0,	0,	0,	0,	0;
			0,	128,	0,	0,	256,	256,	128,	1024,	0,	0,	0
u =  0, 0, 0, 1, 1, 2, 2, 2, 2, 3, 3, 3, 4, 4, 4, 4, 4, 4, 5, 5, 5, 5, 5, 6, 6, 6, 6, 7, 7, 7, 8, 8, 9, 9, 9, 10, 10, 10, 10, 10
v =  2, 4, 9, 3, 10, 0, 3, 5, 9, 1, 2, 8, 0, 5, 6, 8, 9, 10, 2, 4, 6, 7, 10, 4, 5, 7, 10, 5, 6, 10, 3, 4, 0, 2, 4, 1, 4, 5, 6, 7
e =  512, 1024, 128, 128, 128, 512, 256, 128, 512, 128, 256, 512, 1024, 128, 512, 256, 256, 256, 128, 128, 256, 128, 256, 512, 256, 128, 128, 128, 128, 1024, 512, 256, 128, 512, 256, 128, 256, 256, 128, 1024
x = 0,0,0,0,0,0,0,0,0,0,0
y = 0,0,0,0,0,0,0,0,0,0,0
