[general]
path = outputs/system/

[chiplets]
chiplet_count = 10
widths = 	25,	26,	17,	15,	17,	19,	30,	20,	26,	25
heights = 	24,	22,	21,	15,	19,	18,	27,	25,	24,	20
powers = 	172,	42,	95,	89,	172,	14,	7,	49,	37,	137
target_reward = 0
connections = 0,	0,	0,	0,	256,	0,	0,	128,	256,	0;
			0,	0,	0,	256,	512,	0,	128,	0,	0,	0;
			0,	0,	0,	0,	0,	1024,	128,	0,	256,	512;
			0,	256,	0,	0,	0,	0,	256,	0,	0,	0;
			256,	512,	0,	0,	0,	256,	128,	0,	0,	0;
			0,	0,	1024,	0,	256,	0,	1024,	512,	0,	0;
			0,	128,	128,	256,	128,	1024,	0,	1024,	0,	0;
			128,	0,	0,	0,	0,	512,	1024,	0,	1024,	1024;
			256,	0,	256,	0,	0,	0,	0,	1024,	0,	1024;
			0,	0,	512,	0,	0,	0,	0,	1024,	1024,	0
u =  0, 0, 0, 1, 1, 1, 2, 2, 2, 2, 3, 3, 4, 4, 4, 4, 5, 5, 5, 5, 6, 6, 6, 6, 6, 6, 7, 7, 7, 7, 7, 8, 8, 8, 8, 9, 9, 9
v =  4, 7, 8, 3, 4, 6, 5, 6, 8, 9, 1, 6, 0, 1, 5, 6, 2, 4, 6, 7, 1, 2, 3, 4, 5, 7, 0, 5, 6, 8, 9, 0, 2, 7, 9, 2, 7, 8
e =  256, 128, 256, 256, 512, 128, 1024, 128, 256, 512, 256, 256, 256, 512, 256, 128, 1024, 256, 1024, 512, 128, 128, 256, 128, 1024, 1024, 128, 512, 1024, 1024, 1024, 256, 256, 1024, 1024, 512, 1024, 1024
x = 0,0,0,0,0,0,0,0,0,0
y = 0,0,0,0,0,0,0,0,0,0
