[general]
path = outputs/system/

[chiplets]
chiplet_count = 9
widths = 	20,	17,	28,	18,	26,	13,	22,	19,	20
heights = 	22,	15,	23,	19,	27,	16,	20,	21,	18
powers = 	59,	49,	70,	101,	96,	114,	55,	124,	31
target_reward = 0
connections = 0,	1024,	256,	128,	128,	1024,	0,	1024,	512;
			1024,	0,	1024,	512,	1024,	0,	128,	0,	0;
			256,	1024,	0,	0,	1024,	0,	1024,	0,	0;
			128,	512,	0,	0,	0,	0,	128,	0,	0;
			128,	1024,	1024,	0,	0,	128,	1024,	0,	0;
			1024,	0,	0,	0,	128,	0,	128,	0,	0;
			0,	128,	1024,	128,	1024,	128,	0,	0,	256;
			1024,	0,	0,	0,	0,	0,	0,	0,	1024;
			512,	0,	0,	0,	0,	0,	256,	1024,	0
u =  0, 0, 0, 0, 0, 0, 0, 1, 1, 1, 1, 1, 2, 2, 2, 2, 3, 3, 3, 4, 4, 4, 4, 4, 5, 5, 5, 6, 6, 6, 6, 6, 6, 7, 7, 8, 8, 8
v =  1, 2, 3, 4, 5, 7, 8, 0, 2, 3, 4, 6, 0, 1, 4, 6, 0, 1, 6, 0, 1, 2, 5, 6, 0, 4, 6, 1, 2, 3, 4, 5, 8, 0, 8, 0, 6, 7
e =  1024, 256, 128, 128, 1024, 1024, 512, 1024, 1024, 512, 1024, 128, 256, 1024, 1024, 1024, 128, 512, 128, 128, 1024, 1024, 128, 1024, 1024, 128, 128, 128, 1024, 128, 1024, 128, 256, 1024, 1024, 512, 256, 1024
x = 0,0,0,0,0,0,0,0,0
y = 0,0,0,0,0,0,0,0,0
