[general]
path = outputs/system/

[chiplets]
chiplet_count = 8
widths = 	28,	22,	18,	19,	30,	12,	28,	10
heights = 	28,	19,	17,	19,	25,	11,	23,	12
powers = 	186,	199,	193,	84,	82,	90,	88,	38
target_reward = 0
connections = 0,	0,	512,	0,	0,	0,	0,	0;
			0,	0,	256,	1024,	128,	1024,	0,	256;
			512,	256,	0,	512,	256,	256,	0,	0;
			0,	1024,	512,	0,	1024,	512,	0,	0;
			0,	128,	256,	1024,	0,	1024,	0,	0;
			0,	1024,	256,	512,	1024,	0,	512,	0;
			0,	0,	0,	0,	0,	512,	0,	0;
			0,	256,	0,	0,	0,	0,	0,	0
u =  0, 1, 1, 1, 1, 1, 2, 2, 2, 2, 2, 3, 3, 3, 3, 4, 4, 4, 4, 5, 5, 5, 5, 5, 6, 7
v =  2, 2, 3, 4, 5, 7, 0, 1, 3, 4, 5, 1, 2, 4, 5, 1, 2, 3, 5, 1, 2, 3, 4, 6, 5, 1
e =  512, 256, 1024, 128, 1024, 256, 512, 256, 512, 256, 256, 1024, 512, 1024, 512, 128, 256, 1024, 1024, 1024, 256, 512, 1024, 512, 512, 256
x = 0,0,0,0,0,0,0,0
y = 0,0,0,0,0,0,0,0
