[general]
path = outputs/system/

[chiplets]
chiplet_count = 10
widths = 	15,	14,	22,	7,	22,	21,	15,	23,	23,	21
heights = 	13,	12,	27,	8,	26,	21,	12,	25,	27,	26
powers = 	129,	52,	81,	94,	28,	56,	175,	87,	63,	79
target_reward = 0
connections = 0,	512,	128,	1024,	0,	512,	256,	512,	0,	512;
			512,	0,	0,	1024,	256,	256,	128,	256,	128,	0;
			128,	0,	0,	0,	0,	512,	256,	0,	0,	0;
			1024,	1024,	0,	0,	0,	0,	0,	0,	0,	128;
			0,	256,	0,	0,	0,	0,	0,	0,	512,	0;
			512,	256,	512,	0,	0,	0,	0,	1024,	0,	0;
			256,	128,	256,	0,	0,	0,	0,	512,	0,	0;
			512,	256,	0,	0,	0,	1024,	512,	0,	0,	0;
			0,	128,	0,	0,	512,	0,	0,	0,	0,	0;
			512,	0,	0,	128,	0,	0,	0,	0,	0,	0
u =  0, 0, 0, 0, 0, 0, 0, 1, 1, 1, 1, 1, 1, 1, 2, 2, 2, 3, 3, 3, 4, 4, 5, 5, 5, 5, 6, 6, 6, 6, 7, 7, 7, 7, 8, 8, 9, 9
v =  1, 2, 3, 5, 6, 7, 9, 0, 3, 4, 5, 6, 7, 8, 0, 5, 6, 0, 1, 9, 1, 8, 0, 1, 2, 7, 0, 1, 2, 7, 0, 1, 5, 6, 1, 4, 0, 3
e =  512, 128, 1024, 512, 256, 512, 512, 512, 1024, 256, 256, 128, 256, 128, 128, 512, 256, 1024, 1024, 128, 256, 512, 512, 256, 512, 1024, 256, 128, 256, 512, 512, 256, 1024, 512, 128, 512, 512, 128
x = 0,0,0,0,0,0,0,0,0,0
y = 0,0,0,0,0,0,0,0,0,0
