[general]
path = outputs/system/

[chiplets]
chiplet_count = 11
widths = 	27,	9,	19,	24,	21,	15,	21,	22,	23,	13,	17
heights = 	25,	11,	23,	23,	19,	17,	26,	22,	28,	15,	18
powers = 	33,	18,	122,	175,	105,	111,	112,	49,	136,	26,	29
target_reward = 0
connections = 0,	0,	0,	0,	0,	0,	0,	1024,	0,	128,	0;
			0,	0,	512,	256,	0,	0,	0,	0,	0,	0,	512;
			0,	512,	0,	256,	512,	1024,	256,	0,	0,	0,	0;
			0,	256,	256,	0,	512,	0,	0,	0,	0,	256,	512;
			0,	0,	512,	512,	0,	0,	0,	1024,	1024,	0,	256;
			0,	0,	1024,	0,	0,	0,	256,	512,	256,	512,	0;
			0,	0,	256,	0,	0,	256,	0,	0,	0,	0,	0;
			1024,	0,	0,	0,	1024,	512,	0,	0,	0,	128,	0;
			0,	0,	0,	0,	1024,	256,	0,	0,	0,	0,	0;
			128,	0,	0,	256,	0,	512,	0,	128,	0,	0,	0;
			0,	512,	0,	512,	256,	0,	0,	0,	0,	0,	0
u =  0, 0, 1, 1, 1, 2, 2, 2, 2, 2, 3, 3, 3, 3, 3, 4, 4, 4, 4, 4, 5, 5, 5, 5, 5, 6, 6, 7, 7, 7, 7, 8, 8, 9, 9, 9, 9, 10, 10, 10
v =  7, 9, 2, 3, 10, 1, 3, 4, 5, 6, 1, 2, 4, 9, 10, 2, 3, 7, 8, 10, 2, 6, 7, 8, 9, 2, 5, 0, 4, 5, 9, 4, 5, 0, 3, 5, 7, 1, 3, 4
e =  1024, 128, 512, 256, 512, 512, 256, 512, 1024, 256, 256, 256, 512, 256, 512, 512, 512, 1024, 1024, 256, 1024, 256, 512, 256, 512, 256, 256, 1024, 1024, 512, 128, 1024, 256, 128, 256, 512, 128, 512, 512, 256
x = 0,0,0,0,0,0,0,0,0,0,0
y = 0,0,0,0,0,0,0,0,0,0,0
