[general]
path = outputs/system/

[chiplets]
chiplet_count = 8
widths = 	19,	19,	24,	25,	27,	12,	15,	27
heights = 	22,	22,	25,	29,	26,	14,	13,	28
powers = 	59,	39,	59,	174,	173,	192,	119,	15
target_reward = 0
connections = 0,	0,	0,	256,	0,	0,	0,	0;
			0,	0,	0,	1024,	512,	0,	0,	0;
			0,	0,	0,	512,	1024,	0,	256,	256;
			256,	1024,	512,	0,	512,	0,	0,	0;
			0,	512,	1024,	512,	0,	0,	0,	1024;
			0,	0,	0,	0,	0,	0,	128,	512;
			0,	0,	256,	0,	0,	128,	0,	256;
			0,	0,	256,	0,	1024,	512,	256,	0
u =  0, 1, 1, 2, 2, 2, 2, 3, 3, 3, 3, 4, 4, 4, 4, 5, 5, 6, 6, 6, 7, 7, 7, 7
v =  3, 3, 4, 3, 4, 6, 7, 0, 1, 2, 4, 1, 2, 3, 7, 6, 7, 2, 5, 7, 2, 4, 5, 6
e =  256, 1024, 512, 512, 1024, 256, 256, 256, 1024, 512, 512, 512, 1024, 512, 1024, 128, 512, 256, 128, 256, 256, 1024, 512, 256
x = 0,0,0,0,0,0,0,0
y = 0,0,0,0,0,0,0,0
