[general]
path = outputs/system/

[chiplets]
chiplet_count = 7
widths = 	25,	29,	22,	23,	17,	16,	8
heights = 	20,	27,	25,	27,	17,	16,	7
powers = 	150,	46,	180,	90,	191,	134,	14
target_reward = 0
connections = 0,	0,	128,	0,	256,	0,	128;
			0,	0,	1024,	1024,	256,	512,	256;
			128,	1024,	0,	512,	0,	0,	1024;
			0,	1024,	512,	0,	512,	512,	512;
			256,	256,	0,	512,	0,	256,	0;
			0,	512,	0,	512,	256,	0,	0;
			128,	256,	1024,	512,	0,	0,	0
u =  0, 0, 0, 1, 1, 1, 1, 1, 2, 2, 2, 2, 3, 3, 3, 3, 3, 4, 4, 4, 4, 5, 5, 5, 6, 6, 6, 6
v =  2, 4, 6, 2, 3, 4, 5, 6, 0, 1, 3, 6, 1, 2, 4, 5, 6, 0, 1, 3, 5, 1, 3, 4, 0, 1, 2, 3
e =  128, 256, 128, 1024, 1024, 256, 512, 256, 128, 1024, 512, 1024, 1024, 512, 512, 512, 512, 256, 256, 512, 256, 512, 512, 256, 128, 256, 1024, 512
x = 0,0,0,0,0,0,0
y = 0,0,0,0,0,0,0
