[general]
path = outputs/system/

[chiplets]
chiplet_count = 9
widths = 	22,	30,	20,	16,	19,	20,	29,	27,	29
heights = 	21,	28,	17,	14,	20,	19,	24,	29,	26
powers = 	6,	120,	45,	161,	12,	5,	96,	102,	126
target_reward = 0
connections = 0,	1024,	0,	0,	256,	0,	128,	0,	128;
			1024,	0,	512,	0,	0,	0,	0,	512,	1024;
			0,	512,	0,	0,	256,	256,	256,	0,	0;
			0,	0,	0,	0,	256,	256,	128,	256,	128;
			256,	0,	256,	256,	0,	0,	256,	0,	128;
			0,	0,	256,	256,	0,	0,	128,	0,	0;
			128,	0,	256,	128,	256,	128,	0,	0,	0;
			0,	512,	0,	256,	0,	0,	0,	0,	0;
			128,	1024,	0,	128,	128,	0,	0,	0,	0
u =  0, 0, 0, 0, 1, 1, 1, 1, 2, 2, 2, 2, 3, 3, 3, 3, 3, 4, 4, 4, 4, 4, 5, 5, 5, 6, 6, 6, 6, 6, 7, 7, 8, 8, 8, 8
v =  1, 4, 6, 8, 0, 2, 7, 8, 1, 4, 5, 6, 4, 5, 6, 7, 8, 0, 2, 3, 6, 8, 2, 3, 6, 0, 2, 3, 4, 5, 1, 3, 0, 1, 3, 4
e =  1024, 256, 128, 128, 1024, 512, 512, 1024, 512, 256, 256, 256, 256, 256, 128, 256, 128, 256, 256, 256, 256, 128, 256, 256, 128, 128, 256, 128, 256, 128, 512, 256, 128, 1024, 128, 128
x = 0,0,0,0,0,0,0,0,0
y = 0,0,0,0,0,0,0,0,0
