[general]
path = outputs/system/

[chiplets]
chiplet_count = 10
widths = 	30,	15,	29,	21,	3,	8,	30,	17,	17,	18
heights = 	28,	12,	29,	19,	3,	10,	24,	19,	14,	18
powers = 	81,	112,	78,	150,	111,	113,	39,	76,	6,	119
target_reward = 0
connections = 0,	256,	128,	512,	1024,	0,	0,	0,	0,	0;
			256,	0,	512,	0,	0,	256,	0,	0,	0,	0;
			128,	512,	0,	0,	0,	0,	0,	0,	0,	0;
			512,	0,	0,	0,	0,	128,	0,	0,	0,	0;
			1024,	0,	0,	0,	0,	0,	128,	128,	0,	0;
			0,	256,	0,	128,	0,	0,	128,	0,	0,	0;
			0,	0,	0,	0,	128,	128,	0,	512,	512,	512;
			0,	0,	0,	0,	128,	0,	512,	0,	256,	1024;
			0,	0,	0,	0,	0,	0,	512,	256,	0,	0;
			0,	0,	0,	0,	0,	0,	512,	1024,	0,	0
u =  0, 0, 0, 0, 1, 1, 1, 2, 2, 3, 3, 4, 4, 4, 5, 5, 5, 6, 6, 6, 6, 6, 7, 7, 7, 7, 8, 8, 9, 9
v =  1, 2, 3, 4, 0, 2, 5, 0, 1, 0, 5, 0, 6, 7, 1, 3, 6, 4, 5, 7, 8, 9, 4, 6, 8, 9, 6, 7, 6, 7
e =  256, 128, 512, 1024, 256, 512, 256, 128, 512, 512, 128, 1024, 128, 128, 256, 128, 128, 128, 128, 512, 512, 512, 128, 512, 256, 1024, 512, 256, 512, 1024
x = 0,0,0,0,0,0,0,0,0,0
y = 0,0,0,0,0,0,0,0,0,0
