[general]
path = outputs/system/

[chiplets]
chiplet_count = 7
widths = 	15,	18,	15,	27,	26,	26,	21
heights = 	17,	21,	16,	24,	23,	22,	22
powers = 	147,	29,	118,	115,	138,	38,	122
target_reward = 0
connections = 0,	1024,	512,	1024,	1024,	0,	128;
			1024,	0,	512,	0,	1024,	0,	128;
			512,	512,	0,	0,	0,	0,	0;
			1024,	0,	0,	0,	1024,	128,	256;
			1024,	1024,	0,	1024,	0,	1024,	0;
			0,	0,	0,	128,	1024,	0,	256;
			128,	128,	0,	256,	0,	256,	0
u =  0, 0, 0, 0, 0, 1, 1, 1, 1, 2, 2, 3, 3, 3, 3, 4, 4, 4, 4, 5, 5, 5, 6, 6, 6, 6
v =  1, 2, 3, 4, 6, 0, 2, 4, 6, 0, 1, 0, 4, 5, 6, 0, 1, 3, 5, 3, 4, 6, 0, 1, 3, 5
e =  1024, 512, 1024, 1024, 128, 1024, 512, 1024, 128, 512, 512, 1024, 1024, 128, 256, 1024, 1024, 1024, 1024, 128, 1024, 256, 128, 128, 256, 256
x = 0,0,0,0,0,0,0
y = 0,0,0,0,0,0,0
