[general]
path = outputs/system/

[chiplets]
chiplet_count = 9
widths = 	27,	8,	13,	19,	24,	27,	17,	9,	15
heights = 	26,	7,	16,	23,	29,	28,	14,	8,	15
powers = 	149,	13,	22,	142,	38,	191,	79,	17,	56
target_reward = 0
connections = 0,	0,	0,	0,	0,	0,	128,	0,	0;
			0,	0,	0,	0,	0,	128,	256,	0,	512;
			0,	0,	0,	0,	0,	1024,	1024,	1024,	0;
			0,	0,	0,	0,	1024,	1024,	0,	0,	256;
			0,	0,	0,	1024,	0,	512,	128,	0,	1024;
			0,	128,	1024,	1024,	512,	0,	1024,	0,	0;
			128,	256,	1024,	0,	128,	1024,	0,	1024,	0;
			0,	0,	1024,	0,	0,	0,	1024,	0,	0;
			0,	512,	0,	256,	1024,	0,	0,	0,	0
u =  0, 1, 1, 1, 2, 2, 2, 3, 3, 3, 4, 4, 4, 4, 5, 5, 5, 5, 5, 6, 6, 6, 6, 6, 6, 7, 7, 8, 8, 8
v =  6, 5, 6, 8, 5, 6, 7, 4, 5, 8, 3, 5, 6, 8, 1, 2, 3, 4, 6, 0, 1, 2, 4, 5, 7, 2, 6, 1, 3, 4
e =  128, 128, 256, 512, 1024, 1024, 1024, 1024, 1024, 256, 1024, 512, 128, 1024, 128, 1024, 1024, 512, 1024, 128, 256, 1024, 128, 1024, 1024, 1024, 1024, 512, 256, 1024
x = 0,0,0,0,0,0,0,0,0
y = 0,0,0,0,0,0,0,0,0
