[general]
path = outputs/system/

[chiplets]
chiplet_count = 9
widths = 	4,	23,	24,	6,	16,	8,	17,	15,	20
heights = 	4,	24,	20,	7,	19,	9,	18,	16,	24
powers = 	150,	177,	35,	136,	113,	173,	25,	42,	14
target_reward = 0
connections = 0,	128,	128,	0,	128,	0,	0,	256,	0;
			128,	0,	256,	128,	0,	0,	128,	0,	0;
			128,	256,	0,	512,	0,	128,	0,	512,	128;
			0,	128,	512,	0,	1024,	0,	0,	0,	0;
			128,	0,	0,	1024,	0,	256,	0,	0,	1024;
			0,	0,	128,	0,	256,	0,	128,	0,	128;
			0,	128,	0,	0,	0,	128,	0,	0,	0;
			256,	0,	512,	0,	0,	0,	0,	0,	0;
			0,	0,	128,	0,	1024,	128,	0,	0,	0
u =  0, 0, 0, 0, 1, 1, 1, 1, 2, 2, 2, 2, 2, 2, 3, 3, 3, 4, 4, 4, 4, 5, 5, 5, 5, 6, 6, 7, 7, 8, 8, 8
v =  1, 2, 4, 7, 0, 2, 3, 6, 0, 1, 3, 5, 7, 8, 1, 2, 4, 0, 3, 5, 8, 2, 4, 6, 8, 1, 5, 0, 2, 2, 4, 5
e =  128, 128, 128, 256, 128, 256, 128, 128, 128, 256, 512, 128, 512, 128, 128, 512, 1024, 128, 1024, 256, 1024, 128, 256, 128, 128, 128, 128, 256, 512, 128, 1024, 128
x = 0,0,0,0,0,0,0,0,0
y = 0,0,0,0,0,0,0,0,0
