[general]
path = outputs/system/

[chiplets]
chiplet_count = 7
widths = 	21,	26,	23,	20,	5,	30,	25
heights = 	19,	27,	27,	18,	6,	26,	27
powers = 	111,	104,	139,	12,	15,	186,	2
target_reward = 0
connections = 0,	0,	0,	0,	1024,	128,	0;
			0,	0,	512,	128,	1024,	0,	0;
			0,	512,	0,	512,	0,	0,	1024;
			0,	128,	512,	0,	0,	256,	1024;
			1024,	1024,	0,	0,	0,	512,	256;
			128,	0,	0,	256,	512,	0,	1024;
			0,	0,	1024,	1024,	256,	1024,	0
u =  0, 0, 1, 1, 1, 2, 2, 2, 3, 3, 3, 3, 4, 4, 4, 4, 5, 5, 5, 5, 6, 6, 6, 6
v =  4, 5, 2, 3, 4, 1, 3, 6, 1, 2, 5, 6, 0, 1, 5, 6, 0, 3, 4, 6, 2, 3, 4, 5
e =  1024, 128, 512, 128, 1024, 512, 512, 1024, 128, 512, 256, 1024, 1024, 1024, 512, 256, 128, 256, 512, 1024, 1024, 1024, 256, 1024
x = 0,0,0,0,0,0,0
y = 0,0,0,0,0,0,0
