[general]
path = outputs/system/

[chiplets]
chiplet_count = 10
widths = 	28,	17,	6,	11,	26,	15,	21,	17,	27,	22
heights = 	24,	20,	7,	13,	22,	12,	21,	19,	25,	19
powers = 	37,	26,	22,	31,	188,	46,	113,	195,	56,	176
target_reward = 0
connections = 0,	0,	0,	512,	0,	256,	0,	1024,	0,	0;
			0,	0,	0,	256,	1024,	0,	256,	0,	0,	256;
			0,	0,	0,	0,	0,	1024,	0,	0,	0,	256;
			512,	256,	0,	0,	0,	0,	0,	0,	0,	1024;
			0,	1024,	0,	0,	0,	0,	256,	1024,	128,	1024;
			256,	0,	1024,	0,	0,	0,	0,	0,	0,	1024;
			0,	256,	0,	0,	256,	0,	0,	1024,	0,	0;
			1024,	0,	0,	0,	1024,	0,	1024,	0,	256,	256;
			0,	0,	0,	0,	128,	0,	0,	256,	0,	0;
			0,	256,	256,	1024,	1024,	1024,	0,	256,	0,	0
u =  0, 0, 0, 1, 1, 1, 1, 2, 2, 3, 3, 3, 4, 4, 4, 4, 4, 5, 5, 5, 6, 6, 6, 7, 7, 7, 7, 7, 8, 8, 9, 9, 9, 9, 9, 9
v =  3, 5, 7, 3, 4, 6, 9, 5, 9, 0, 1, 9, 1, 6, 7, 8, 9, 0, 2, 9, 1, 4, 7, 0, 4, 6, 8, 9, 4, 7, 1, 2, 3, 4, 5, 7
e =  512, 256, 1024, 256, 1024, 256, 256, 1024, 256, 512, 256, 1024, 1024, 256, 1024, 128, 1024, 256, 1024, 1024, 256, 256, 1024, 1024, 1024, 1024, 256, 256, 128, 256, 256, 256, 1024, 1024, 1024, 256
x = 0,0,0,0,0,0,0,0,0,0
y = 0,0,0,0,0,0,0,0,0,0
