[general]
path = outputs/system/

[chiplets]
chiplet_count = 11
widths = 	29,	5,	16,	20,	27,	25,	18,	4,	20,	21,	29
heights = 	26,	5,	18,	22,	28,	25,	18,	5,	19,	24,	30
powers = 	2,	81,	48,	106,	174,	4,	31,	9,	44,	29,	7
target_reward = 0
connections = 0,	256,	0,	0,	0,	0,	0,	0,	0,	0,	1024;
			256,	0,	1024,	0,	0,	0,	256,	0,	128,	0,	0;
			0,	1024,	0,	0,	1024,	0,	0,	0,	1024,	256,	128;
			0,	0,	0,	0,	1024,	512,	0,	128,	0,	256,	0;
			0,	0,	1024,	1024,	0,	1024,	0,	0,	0,	0,	0;
			0,	0,	0,	512,	1024,	0,	0,	0,	0,	0,	256;
			0,	256,	0,	0,	0,	0,	0,	0,	0,	0,	0;
			0,	0,	0,	128,	0,	0,	0,	0,	256,	1024,	0;
			0,	128,	1024,	0,	0,	0,	0,	256,	0,	512,	512;
			0,	0,	256,	256,	0,	0,	0,	1024,	512,	0,	0;
			1024,	0,	128,	0,	0,	256,	0,	0,	512,	0,	0
u =  0, 0, 1, 1, 1, 1, 2, 2, 2, 2, 2, 3, 3, 3, 3, 4, 4, 4, 5, 5, 5, 6, 7, 7, 7, 8, 8, 8, 8, 8, 9, 9, 9, 9, 10, 10, 10, 10
v =  1, 10, 0, 2, 6, 8, 1, 4, 8, 9, 10, 4, 5, 7, 9, 2, 3, 5, 3, 4, 10, 1, 3, 8, 9, 1, 2, 7, 9, 10, 2, 3, 7, 8, 0, 2, 5, 8
e =  256, 1024, 256, 1024, 256, 128, 1024, 1024, 1024, 256, 128, 1024, 512, 128, 256, 1024, 1024, 1024, 512, 1024, 256, 256, 128, 256, 1024, 128, 1024, 256, 512, 512, 256, 256, 1024, 512, 1024, 128, 256, 512
x = 0,0,0,0,0,0,0,0,0,0,0
y = 0,0,0,0,0,0,0,0,0,0,0
