[general]
path = outputs/system/

[chiplets]
chiplet_count = 8
widths = 	12,	22,	23,	28,	17,	25,	6,	22
heights = 	13,	18,	25,	29,	21,	23,	6,	23
powers = 	199,	122,	171,	191,	18,	11,	62,	92
target_reward = 0
connections = 0,	1024,	0,	1024,	0,	256,	128,	0;
			1024,	0,	128,	256,	512,	0,	0,	512;
			0,	128,	0,	256,	1024,	1024,	128,	0;
			1024,	256,	256,	0,	1024,	0,	0,	128;
			0,	512,	1024,	1024,	0,	1024,	0,	0;
			256,	0,	1024,	0,	1024,	0,	0,	256;
			128,	0,	128,	0,	0,	0,	0,	0;
			0,	512,	0,	128,	0,	256,	0,	0
u =  0, 0, 0, 0, 1, 1, 1, 1, 1, 2, 2, 2, 2, 2, 3, 3, 3, 3, 3, 4, 4, 4, 4, 5, 5, 5, 5, 6, 6, 7, 7, 7
v =  1, 3, 5, 6, 0, 2, 3, 4, 7, 1, 3, 4, 5, 6, 0, 1, 2, 4, 7, 1, 2, 3, 5, 0, 2, 4, 7, 0, 2, 1, 3, 5
e =  1024, 1024, 256, 128, 1024, 128, 256, 512, 512, 128, 256, 1024, 1024, 128, 1024, 256, 256, 1024, 128, 512, 1024, 1024, 1024, 256, 1024, 1024, 256, 128, 128, 512, 128, 256
x = 0,0,0,0,0,0,0,0
y = 0,0,0,0,0,0,0,0
