[general]
path = outputs/system/

[chiplets]
chiplet_count = 9
widths = 	13,	12,	14,	20,	24,	22,	24,	25,	22
heights = 	16,	14,	13,	20,	30,	27,	21,	28,	20
powers = 	109,	119,	172,	22,	21,	182,	94,	26,	106
target_reward = 0
connections = 0,	0,	512,	256,	1024,	0,	0,	0,	0;
			0,	0,	256,	0,	0,	0,	256,	0,	1024;
			512,	256,	0,	0,	256,	0,	0,	0,	512;
			256,	0,	0,	0,	512,	0,	0,	0,	512;
			1024,	0,	256,	512,	0,	128,	512,	0,	512;
			0,	0,	0,	0,	128,	0,	256,	0,	0;
			0,	256,	0,	0,	512,	256,	0,	256,	256;
			0,	0,	0,	0,	0,	0,	256,	0,	512;
			0,	1024,	512,	512,	512,	0,	256,	512,	0
u =  0, 0, 0, 1, 1, 1, 2, 2, 2, 2, 3, 3, 3, 4, 4, 4, 4, 4, 4, 5, 5, 6, 6, 6, 6, 6, 7, 7, 8, 8, 8, 8, 8, 8
v =  2, 3, 4, 2, 6, 8, 0, 1, 4, 8, 0, 4, 8, 0, 2, 3, 5, 6, 8, 4, 6, 1, 4, 5, 7, 8, 6, 8, 1, 2, 3, 4, 6, 7
e =  512, 256, 1024, 256, 256, 1024, 512, 256, 256, 512, 256, 512, 512, 1024, 256, 512, 128, 512, 512, 128, 256, 256, 512, 256, 256, 256, 256, 512, 1024, 512, 512, 512, 256, 512
x = 0,0,0,0,0,0,0,0,0
y = 0,0,0,0,0,0,0,0,0
