[general]
path = outputs/system/

[chiplets]
chiplet_count = 11
widths = 	10,	6,	21,	21,	5,	23,	17,	20,	18,	6,	26
heights = 	8,	6,	25,	22,	6,	22,	20,	17,	18,	6,	26
powers = 	10,	187,	85,	77,	170,	139,	57,	188,	69,	62,	135
target_reward = 0
connections = 0,	0,	0,	0,	0,	0,	0,	256,	0,	0,	512;
			0,	0,	0,	0,	1024,	0,	0,	256,	1024,	512,	512;
			0,	0,	0,	1024,	0,	128,	0,	128,	512,	0,	0;
			0,	0,	1024,	0,	0,	0,	0,	0,	0,	0,	0;
			0,	1024,	0,	0,	0,	128,	128,	512,	0,	0,	0;
			0,	0,	128,	0,	128,	0,	0,	0,	0,	0,	0;
			0,	0,	0,	0,	128,	0,	0,	0,	128,	128,	512;
			256,	256,	128,	0,	512,	0,	0,	0,	0,	0,	0;
			0,	1024,	512,	0,	0,	0,	128,	0,	0,	0,	512;
			0,	512,	0,	0,	0,	0,	128,	0,	0,	0,	0;
			512,	512,	0,	0,	0,	0,	512,	0,	512,	0,	0
u =  0, 0, 1, 1, 1, 1, 1, 2, 2, 2, 2, 3, 4, 4, 4, 4, 5, 5, 6, 6, 6, 6, 7, 7, 7, 7, 8, 8, 8, 8, 9, 9, 10, 10, 10, 10
v =  7, 10, 4, 7, 8, 9, 10, 3, 5, 7, 8, 2, 1, 5, 6, 7, 2, 4, 4, 8, 9, 10, 0, 1, 2, 4, 1, 2, 6, 10, 1, 6, 0, 1, 6, 8
e =  256, 512, 1024, 256, 1024, 512, 512, 1024, 128, 128, 512, 1024, 1024, 128, 128, 512, 128, 128, 128, 128, 128, 512, 256, 256, 128, 512, 1024, 512, 128, 512, 512, 128, 512, 512, 512, 512
x = 0,0,0,0,0,0,0,0,0,0,0
y = 0,0,0,0,0,0,0,0,0,0,0
