[general]
path = outputs/system/

[chiplets]
chiplet_count = 8
widths = 	23,	14,	4,	27,	17,	30,	16,	22
heights = 	23,	15,	5,	26,	20,	24,	17,	26
powers = 	11,	74,	197,	123,	164,	175,	8,	140
target_reward = 0
connections = 0,	0,	128,	0,	0,	1024,	0,	256;
			0,	0,	0,	1024,	0,	0,	128,	256;
			128,	0,	0,	128,	512,	0,	0,	0;
			0,	1024,	128,	0,	1024,	256,	0,	0;
			0,	0,	512,	1024,	0,	256,	256,	0;
			1024,	0,	0,	256,	256,	0,	0,	0;
			0,	128,	0,	0,	256,	0,	0,	0;
			256,	256,	0,	0,	0,	0,	0,	0
u =  0, 0, 0, 1, 1, 1, 2, 2, 2, 3, 3, 3, 3, 4, 4, 4, 4, 5, 5, 5, 6, 6, 7, 7
v =  2, 5, 7, 3, 6, 7, 0, 3, 4, 1, 2, 4, 5, 2, 3, 5, 6, 0, 3, 4, 1, 4, 0, 1
e =  128, 1024, 256, 1024, 128, 256, 128, 128, 512, 1024, 128, 1024, 256, 512, 1024, 256, 256, 1024, 256, 256, 128, 256, 256, 256
x = 0,0,0,0,0,0,0,0
y = 0,0,0,0,0,0,0,0
