[general]
path = outputs/system/

[chiplets]
chiplet_count = 11
widths = 	17,	11,	15,	16,	26,	14,	24,	26,	25,	23,	27
heights = 	20,	9,	18,	15,	22,	13,	21,	21,	24,	26,	27
powers = 	81,	193,	74,	7,	57,	13,	29,	168,	157,	7,	87
target_reward = 0
connections = 0,	128,	1024,	0,	0,	0,	0,	0,	0,	0,	0;
			128,	0,	0,	512,	0,	0,	0,	0,	0,	0,	0;
			1024,	0,	0,	256,	128,	0,	0,	0,	128,	0,	0;
			0,	512,	256,	0,	512,	512,	0,	256,	1024,	0,	0;
			0,	0,	128,	512,	0,	1024,	1024,	0,	128,	256,	0;
			0,	0,	0,	512,	1024,	0,	0,	0,	0,	0,	256;
			0,	0,	0,	0,	1024,	0,	0,	128,	0,	0,	256;
			0,	0,	0,	256,	0,	0,	128,	0,	0,	128,	0;
			0,	0,	128,	1024,	128,	0,	0,	0,	0,	1024,	0;
			0,	0,	0,	0,	256,	0,	0,	128,	1024,	0,	256;
			0,	0,	0,	0,	0,	256,	256,	0,	0,	256,	0
u =  0, 0, 1, 1, 2, 2, 2, 2, 3, 3, 3, 3, 3, 3, 4, 4, 4, 4, 4, 4, 5, 5, 5, 6, 6, 6, 7, 7, 7, 8, 8, 8, 8, 9, 9, 9, 9, 10, 10, 10
v =  1, 2, 0, 3, 0, 3, 4, 8, 1, 2, 4, 5, 7, 8, 2, 3, 5, 6, 8, 9, 3, 4, 10, 4, 7, 10, 3, 6, 9, 2, 3, 4, 9, 4, 7, 8, 10, 5, 6, 9
e =  128, 1024, 128, 512, 1024, 256, 128, 128, 512, 256, 512, 512, 256, 1024, 128, 512, 1024, 1024, 128, 256, 512, 1024, 256, 1024, 128, 256, 256, 128, 128, 128, 1024, 128, 1024, 256, 128, 1024, 256, 256, 256, 256
x = 0,0,0,0,0,0,0,0,0,0,0
y = 0,0,0,0,0,0,0,0,0,0,0
