[general]
path = outputs/system/

[chiplets]
chiplet_count = 8
widths = 	5,	25,	24,	30,	30,	13,	9,	20
heights = 	5,	27,	29,	25,	26,	11,	9,	19
powers = 	173,	156,	9,	162,	95,	44,	74,	117
target_reward = 0
connections = 0,	512,	128,	1024,	0,	1024,	0,	0;
			512,	0,	0,	0,	128,	0,	1024,	0;
			128,	0,	0,	0,	0,	128,	0,	0;
			1024,	0,	0,	0,	128,	1024,	0,	128;
			0,	128,	0,	128,	0,	1024,	256,	0;
			1024,	0,	128,	1024,	1024,	0,	512,	0;
			0,	1024,	0,	0,	256,	512,	0,	0;
			0,	0,	0,	128,	0,	0,	0,	0
u =  0, 0, 0, 0, 1, 1, 1, 2, 2, 3, 3, 3, 3, 4, 4, 4, 4, 5, 5, 5, 5, 5, 6, 6, 6, 7
v =  1, 2, 3, 5, 0, 4, 6, 0, 5, 0, 4, 5, 7, 1, 3, 5, 6, 0, 2, 3, 4, 6, 1, 4, 5, 3
e =  512, 128, 1024, 1024, 512, 128, 1024, 128, 128, 1024, 128, 1024, 128, 128, 128, 1024, 256, 1024, 128, 1024, 1024, 512, 1024, 256, 512, 128
x = 0,0,0,0,0,0,0,0
y = 0,0,0,0,0,0,0,0
