[general]
path = outputs/system/

[chiplets]
chiplet_count = 7
widths = 	9,	30,	23,	20,	5,	24,	8
heights = 	11,	29,	21,	19,	5,	21,	8
powers = 	116,	179,	10,	143,	90,	188,	155
target_reward = 0
connections = 0,	128,	1024,	0,	1024,	1024,	512;
			128,	0,	1024,	512,	128,	512,	0;
			1024,	1024,	0,	256,	0,	0,	0;
			0,	512,	256,	0,	0,	0,	0;
			1024,	128,	0,	0,	0,	256,	1024;
			1024,	512,	0,	0,	256,	0,	0;
			512,	0,	0,	0,	1024,	0,	0
u =  0, 0, 0, 0, 0, 1, 1, 1, 1, 1, 2, 2, 2, 3, 3, 4, 4, 4, 4, 5, 5, 5, 6, 6
v =  1, 2, 4, 5, 6, 0, 2, 3, 4, 5, 0, 1, 3, 1, 2, 0, 1, 5, 6, 0, 1, 4, 0, 4
e =  128, 1024, 1024, 1024, 512, 128, 1024, 512, 128, 512, 1024, 1024, 256, 512, 256, 1024, 128, 256, 1024, 1024, 512, 256, 512, 1024
x = 0,0,0,0,0,0,0
y = 0,0,0,0,0,0,0
