[general]
path = outputs/system/

[chiplets]
chiplet_count = 11
widths = 	11,	19,	16,	29,	12,	14,	21,	4,	23,	29,	15
heights = 	9,	19,	13,	24,	13,	16,	26,	5,	27,	28,	12
powers = 	74,	127,	47,	70,	192,	19,	160,	128,	36,	59,	116
target_reward = 0
connections = 0,	0,	1024,	128,	1024,	0,	0,	0,	0,	0,	0;
			0,	0,	0,	0,	0,	0,	1024,	0,	0,	0,	0;
			1024,	0,	0,	0,	0,	128,	256,	0,	0,	128,	512;
			128,	0,	0,	0,	256,	256,	0,	0,	1024,	0,	512;
			1024,	0,	0,	256,	0,	512,	1024,	0,	0,	0,	0;
			0,	0,	128,	256,	512,	0,	512,	256,	256,	256,	0;
			0,	1024,	256,	0,	1024,	512,	0,	0,	512,	0,	0;
			0,	0,	0,	0,	0,	256,	0,	0,	0,	1024,	0;
			0,	0,	0,	1024,	0,	256,	512,	0,	0,	0,	0;
			0,	0,	128,	0,	0,	256,	0,	1024,	0,	0,	0;
			0,	0,	512,	512,	0,	0,	0,	0,	0,	0,	0
u =  0, 0, 0, 1, 2, 2, 2, 2, 2, 3, 3, 3, 3, 3, 4, 4, 4, 4, 5, 5, 5, 5, 5, 5, 5, 6, 6, 6, 6, 6, 7, 7, 8, 8, 8, 9, 9, 9, 10, 10
v =  2, 3, 4, 6, 0, 5, 6, 9, 10, 0, 4, 5, 8, 10, 0, 3, 5, 6, 2, 3, 4, 6, 7, 8, 9, 1, 2, 4, 5, 8, 5, 9, 3, 5, 6, 2, 5, 7, 2, 3
e =  1024, 128, 1024, 1024, 1024, 128, 256, 128, 512, 128, 256, 256, 1024, 512, 1024, 256, 512, 1024, 128, 256, 512, 512, 256, 256, 256, 1024, 256, 1024, 512, 512, 256, 1024, 1024, 256, 512, 128, 256, 1024, 512, 512
x = 0,0,0,0,0,0,0,0,0,0,0
y = 0,0,0,0,0,0,0,0,0,0,0
