[general]
path = outputs/system/

[chiplets]
chiplet_count = 11
widths = 	20,	24,	16,	15,	24,	12,	4,	15,	12,	24,	6
heights = 	17,	27,	17,	14,	20,	15,	5,	16,	15,	24,	5
powers = 	50,	197,	27,	56,	31,	29,	6,	58,	96,	189,	97
target_reward = 0
connections = 0,	128,	0,	256,	0,	512,	256,	0,	0,	0,	256;
			128,	0,	0,	0,	0,	0,	0,	128,	0,	0,	0;
			0,	0,	0,	0,	0,	0,	1024,	512,	0,	0,	0;
			256,	0,	0,	0,	0,	256,	1024,	128,	0,	0,	0;
			0,	0,	0,	0,	0,	512,	0,	0,	0,	0,	0;
			512,	0,	0,	256,	512,	0,	0,	1024,	512,	256,	0;
			256,	0,	1024,	1024,	0,	0,	0,	0,	256,	128,	256;
			0,	128,	512,	128,	0,	1024,	0,	0,	0,	256,	0;
			0,	0,	0,	0,	0,	512,	256,	0,	0,	0,	1024;
			0,	0,	0,	0,	0,	256,	128,	256,	0,	0,	0;
			256,	0,	0,	0,	0,	0,	256,	0,	1024,	0,	0
u =  0, 0, 0, 0, 0, 1, 1, 2, 2, 3, 3, 3, 3, 4, 5, 5, 5, 5, 5, 5, 6, 6, 6, 6, 6, 6, 7, 7, 7, 7, 7, 8, 8, 8, 9, 9, 9, 10, 10, 10
v =  1, 3, 5, 6, 10, 0, 7, 6, 7, 0, 5, 6, 7, 5, 0, 3, 4, 7, 8, 9, 0, 2, 3, 8, 9, 10, 1, 2, 3, 5, 9, 5, 6, 10, 5, 6, 7, 0, 6, 8
e =  128, 256, 512, 256, 256, 128, 128, 1024, 512, 256, 256, 1024, 128, 512, 512, 256, 512, 1024, 512, 256, 256, 1024, 1024, 256, 128, 256, 128, 512, 128, 1024, 256, 512, 256, 1024, 256, 128, 256, 256, 256, 1024
x = 0,0,0,0,0,0,0,0,0,0,0
y = 0,0,0,0,0,0,0,0,0,0,0
