[general]
path = outputs/system/

[chiplets]
chiplet_count = 7
widths = 	7,	25,	5,	8,	13,	24,	16
heights = 	7,	26,	5,	9,	13,	26,	20
powers = 	114,	182,	69,	199,	86,	4,	187
target_reward = 0
connections = 0,	128,	1024,	0,	512,	0,	0;
			128,	0,	1024,	1024,	0,	512,	512;
			1024,	1024,	0,	512,	0,	256,	1024;
			0,	1024,	512,	0,	0,	0,	0;
			512,	0,	0,	0,	0,	256,	0;
			0,	512,	256,	0,	256,	0,	1024;
			0,	512,	1024,	0,	0,	1024,	0
u =  0, 0, 0, 1, 1, 1, 1, 1, 2, 2, 2, 2, 2, 3, 3, 4, 4, 5, 5, 5, 5, 6, 6, 6
v =  1, 2, 4, 0, 2, 3, 5, 6, 0, 1, 3, 5, 6, 1, 2, 0, 5, 1, 2, 4, 6, 1, 2, 5
e =  128, 1024, 512, 128, 1024, 1024, 512, 512, 1024, 1024, 512, 256, 1024, 1024, 512, 512, 256, 512, 256, 256, 1024, 512, 1024, 1024
x = 0,0,0,0,0,0,0
y = 0,0,0,0,0,0,0
