[general]
path = outputs/system/

[chiplets]
chiplet_count = 11
widths = 	20,	24,	22,	20,	26,	27,	28,	15,	19,	25,	30
heights = 	18,	21,	26,	24,	29,	30,	25,	12,	16,	30,	29
powers = 	121,	134,	197,	127,	37,	23,	179,	154,	30,	89,	145
target_reward = 0
connections = 0,	128,	512,	0,	0,	0,	0,	256,	128,	256,	0;
			128,	0,	128,	512,	128,	0,	128,	0,	128,	0,	0;
			512,	128,	0,	0,	0,	0,	0,	1024,	0,	256,	0;
			0,	512,	0,	0,	512,	0,	0,	0,	0,	0,	0;
			0,	128,	0,	512,	0,	128,	256,	0,	0,	0,	0;
			0,	0,	0,	0,	128,	0,	256,	0,	512,	0,	0;
			0,	128,	0,	0,	256,	256,	0,	0,	1024,	0,	0;
			256,	0,	1024,	0,	0,	0,	0,	0,	0,	0,	1024;
			128,	128,	0,	0,	0,	512,	1024,	0,	0,	0,	0;
			256,	0,	256,	0,	0,	0,	0,	0,	0,	0,	512;
			0,	0,	0,	0,	0,	0,	0,	1024,	0,	512,	0
u =  0, 0, 0, 0, 0, 1, 1, 1, 1, 1, 1, 2, 2, 2, 2, 3, 3, 4, 4, 4, 4, 5, 5, 5, 6, 6, 6, 6, 7, 7, 7, 8, 8, 8, 8, 9, 9, 9, 10, 10
v =  1, 2, 7, 8, 9, 0, 2, 3, 4, 6, 8, 0, 1, 7, 9, 1, 4, 1, 3, 5, 6, 4, 6, 8, 1, 4, 5, 8, 0, 2, 10, 0, 1, 5, 6, 0, 2, 10, 7, 9
e =  128, 512, 256, 128, 256, 128, 128, 512, 128, 128, 128, 512, 128, 1024, 256, 512, 512, 128, 512, 128, 256, 128, 256, 512, 128, 256, 256, 1024, 256, 1024, 1024, 128, 128, 512, 1024, 256, 256, 512, 1024, 512
x = 0,0,0,0,0,0,0,0,0,0,0
y = 0,0,0,0,0,0,0,0,0,0,0
