[general]
path = outputs/system/

[chiplets]
chiplet_count = 11
widths = 	11,	26,	23,	15,	10,	29,	26,	28,	16,	26,	29
heights = 	12,	24,	25,	15,	11,	24,	28,	27,	15,	22,	27
powers = 	198,	172,	74,	51,	164,	61,	185,	24,	156,	140,	88
target_reward = 0
connections = 0,	0,	0,	0,	0,	0,	0,	128,	0,	0,	256;
			0,	0,	0,	0,	0,	128,	0,	0,	512,	512,	256;
			0,	0,	0,	512,	0,	0,	256,	128,	128,	0,	256;
			0,	0,	512,	0,	0,	0,	128,	1024,	0,	0,	0;
			0,	0,	0,	0,	0,	128,	128,	0,	0,	0,	1024;
			0,	128,	0,	0,	128,	0,	0,	0,	0,	0,	1024;
			0,	0,	256,	128,	128,	0,	0,	0,	0,	0,	0;
			128,	0,	128,	1024,	0,	0,	0,	0,	0,	0,	0;
			0,	512,	128,	0,	0,	0,	0,	0,	0,	0,	0;
			0,	512,	0,	0,	0,	0,	0,	0,	0,	0,	256;
			256,	256,	256,	0,	1024,	1024,	0,	0,	0,	256,	0
u =  0, 0, 1, 1, 1, 1, 2, 2, 2, 2, 2, 3, 3, 3, 4, 4, 4, 5, 5, 5, 6, 6, 6, 7, 7, 7, 8, 8, 9, 9, 10, 10, 10, 10, 10, 10
v =  7, 10, 5, 8, 9, 10, 3, 6, 7, 8, 10, 2, 6, 7, 5, 6, 10, 1, 4, 10, 2, 3, 4, 0, 2, 3, 1, 2, 1, 10, 0, 1, 2, 4, 5, 9
e =  128, 256, 128, 512, 512, 256, 512, 256, 128, 128, 256, 512, 128, 1024, 128, 128, 1024, 128, 128, 1024, 256, 128, 128, 128, 128, 1024, 512, 128, 512, 256, 256, 256, 256, 1024, 1024, 256
x = 0,0,0,0,0,0,0,0,0,0,0
y = 0,0,0,0,0,0,0,0,0,0,0
